TIME              	DT                	WATINJ            	OILPROD           	WATPROD           	WC                  	WOR                 	CUMINJ            	CUMOPROD          	CUMWPROD          	PWBINJ            	PWBPROD           	MBEO                  	MBEW                 
Days              	Days              	SCF/D             	SCF/D             	SCF/D             	dec.                	SCF/SCF             	MSCF              	MSCF              	MSCF              	psia              	psia              	dec.                  	dec.                 
3                 	3                 	17405.260000000002	16576.8357503222  	266.96424967779745	0.015849407477991757	0.016104656745037034	52.21578000000001 	49.730507250966596	0.8008927490333925	2373.02222750817  	2192.8932194560916	-0.0007825731809827148	0.0030343960139935186
4.643147028749948 	1.643147028749948 	17405.260000000002	16576.277011176946	267.5229888230543 	0.015882579276829116	0.01613890674260997 	80.81518125362034 	76.96776756961806 	1.2404723532402995	2410.987973641069 	2154.2857581560693	-0.0012108673466563122	0.004696265355337798 
6.771164481103124 	2.128017452353176 	17405.260000000002	16575.653233261848	268.1467667381515 	0.01591961236408361 	0.016177146261727393	117.85387829636497	112.24104693415362	1.8110933526511621	2450.835543681447 	2113.868755428575 	-0.0017655244618180002	0.006848451393406883 
9.403741501597459 	2.6325770204943337	17405.260000000002	16574.98508551653 	268.8149144834669 	0.015959279644941576	0.016218108981489305	163.6745658080942 	155.87597178532076	2.518769319286487 	2490.8288919159336	2073.805798713725 	-0.0024516648306650464	0.009510823736453337 
12.689291591212456	3.285550089614996 	17405.260000000002	16574.25910919204 	269.54089080795995	0.016002380152219806	0.016262620792411364	220.8604193608665 	210.3315302868288 	3.4043594172354856	2530.9880572086345	2034.1547998577603	-0.0033079549850469877	0.012833418584492419 
16.393810509350267	3.7045189181378118	17405.260000000002	16573.53311280345 	270.26688719655033	0.01604548185068395 	0.01630713773321892 	285.33853430597384	271.72849724359264	4.405568213801325 	2568.016718507617 	1998.320619414757 	-0.004273395811616624 	0.01657954750423151  
20.123603688349824	3.7297931789995578	17405.260000000002	16572.868457184057	270.93154281594343	0.01608494180742727 	0.016347896775738856	350.2565543326877 	333.5418689716547 	5.416086834172057 	2599.3450331669374	1968.5903841401314	-0.005245384416637783 	0.020351088202321514 
23.88472271122263 	3.7611190228728058	17405.260000000002	16572.248012000553	271.55198799944606	0.016121777033653098	0.016385947627793503	415.7198088167348 	395.87206622135596	6.4374261819357015	2626.3923241972034	1943.3637545616577	-0.00622549988545635  	0.024154167719732188 
27.684041186266548	3.799318475043919 	17405.260000000002	16571.660263374168	272.1397366258317 	0.016156671097129607	0.016421995883375725	481.8479346976777 	458.83308122214464	7.47137171109181  	2650.2511845015256	1921.5877990039523	-0.007215534674184723 	0.027995741076206188 
31.528748191902224	3.844707005635676 	17405.260000000002	16571.097186367755	272.70281363224365	0.016190100430558643	0.016456533358369482	548.7660597545881 	522.5440946656424 	8.519834129120255 	2671.3675934310613	1902.547454431159 	-0.008217362884609275 	0.0318830799914571   
35.431127514041634	3.902379322139411 	17405.260000000002	16570.552305224686	273.24769477531214	0.016222449493303894	0.01648995698768334 	616.6879864750483 	587.2086753379807 	9.586150283033696 	2690.379839607747 	1885.722400184954 	-0.009234185510607056 	0.03582860518388521  
39.40175145703594 	3.970623942994306 	17405.260000000002	16570.02090890073 	273.77909109926776	0.016253997975472747	0.016522555560096183	685.7977285650894 	653.0019970947782 	10.673224097243668	2707.5897968078407	1870.7455931067138	-0.010268757118081846 	0.03984300509820526  
43.45617993037306 	4.054428473337117 	17405.260000000002	16569.49866563141 	274.3013343685872 	0.01628500304970299 	0.016554594674463224	756.3661102949251 	720.1818442736355 	11.785359237582034	2723.1643690699234	1857.33066544327  	-0.011325131239520213 	0.043942008484013244 
47.61423085281981 	4.158050922446748 	17405.260000000002	16568.981490240483	274.8185097595175 	0.016315707248929428	0.016586324869841396	828.7380676933504 	789.0765130431331 	12.928068595593034	2737.497884311636 	1845.252110814307 	-0.012408470188086534 	0.04814564658362623  
51.894038953849304	4.279808101029497 	17405.260000000002	16568.466090166607	275.33390983339297	0.016346306049311497	0.016617948115112708	903.2292404418752 	859.9863684374607 	14.106444893386115	2750.5087635000964	1834.3434303603985	-0.013523497057887423 	0.0524722466337544   
56.32867698481088 	4.434638030961576 	17405.260000000002	16567.947886764316	275.8521132356831 	0.016377071280571077	0.016649745346920958	980.4152683766495 	933.4592202310951 	15.329749165662193	2762.510794462586 	1824.4463100935554	-0.014678825955710018 	0.05695523383514582  
60.946663303561834	4.617986318750954 	17405.260000000002	16567.423285018445	276.3767149815519 	0.016408216375256888	0.01668193721056631 	1060.7925209309526	1009.9673542982663	16.606053054268333	2773.6564444338014	1815.452107540744 	-0.015881883362798183 	0.06162342526156962  
65.78435257090487 	4.837689267343041 	17405.260000000002	16566.888162694348	276.9118373056493 	0.016439986066424998	0.01671477676352068 	1144.9937604282677	1090.1128113562052	17.945666477602117	2783.8115313626486	1807.2670591364579	-0.017142136104223698 	0.06651355541158824  
70.89714069517998 	5.112788124275108 	17405.260000000002	16566.3367146299  	277.46328537010055	0.016472725000896506	0.016748620419206495	1233.9831670561884	1174.8129809735078	19.364277467964722	2793.3841666244007	1799.7986121813206	-0.018474009727076114 	0.0716816000768709   
76.32987592362599 	5.43273522844601  	17405.260000000002	16565.764652888975	278.03534711102384	0.016506687749262273	0.016783731565481106	1328.5413362184506	1264.8103941894035	20.874769892967997	2802.272453515212 	1792.9973786945877	-0.01988918023140257  	0.07717286629047249  
82.15659763783552 	5.8267217142095316	17405.260000000002	16565.165000451383	278.63499954861504	0.016542288530415644	0.016820538735413896	1429.9569426019134	1361.3310007969972	22.498298495176673	2810.4108861264635	1786.8026497191502	-0.021406925136120143 	0.0830621575459743   
88.4572174055953  	6.300619767759789 	17405.260000000002	16564.53063766042 	279.2693623395791 	0.016579950031440596	0.016859479356731308	1539.620867820912 	1465.697809976303 	24.257868560063095	2818.197216244664 	1781.1754673740884	-0.02304804817644216  	0.08943019987239416  
95.31056120709212 	6.853343801496816 	17405.260000000002	16563.85495039765 	279.9450496023507 	0.016620064926106383	0.016900959978258565	1658.9050985553527	1579.215602629503 	26.176428230515086	2825.3848309130603	1776.09653823752  	-0.02483306650197417  	0.0963566075644614   
102.85566214020893	7.545100933116813 	17405.260000000002	16563.12593420487 	280.6740657951311 	0.016663345907403978	0.016945718272630233	1790.2295420224932	1704.1860595710036	28.294142386247618	2832.210539931735 	1771.5252904861434	-0.02679817302466021  	0.10398182265747752  
110.61176806250604	7.756105922297112 	17405.260000000002	16562.39002580463 	281.4099741953675 	0.016707036072345166	0.01699090371358986 	1925.2265821876142	1832.6457109375415	30.476787953697784	2838.433013888092 	1767.6929484872987	-0.02881814562874832  	0.11181994633009897  
117.96548870467544	7.353720642169385 	17405.260000000002	16561.702876628482	282.0971233715164 	0.016747831449644163	0.01703309891941159 	2053.2200019319394	1954.4358472508804	32.55125139293151 	2843.409896127116 	1764.6923581973508	-0.030733242988902093 	0.11925113149007212  
125.05278805571375	7.087299351038311 	17405.260000000002	16561.04934957432 	282.75065042567905	0.016786630714309067	0.01707323276788296 	2176.5762898345924	2071.8089615586323	34.55518989419909 	2847.5509909686934	1762.2815080150087	-0.03257888456659375  	0.12641281551664657  
131.99277806584297	6.939990010129222 	17405.260000000002	16560.416917474013	283.3830825259858 	0.0168241775921102  	0.017112074166862865	2297.3686203582943	2186.7380895294764	36.52186565596906 	2851.333711080429 	1760.2996869912586	-0.034386095527512726 	0.13342538500927933  
138.86375842820416	6.870980362361192 	17405.260000000002	16559.797446858163	284.00255314183704	0.016860954959203804	0.017150122400544213	2416.9598200200853	2300.520132591518 	38.47324162146706 	2854.67453127779  	1758.6432993321891	-0.036175269074206484 	0.1403679720262503   
145.741020839948  	6.877262411743821 	17405.260000000002	16559.183522185453	284.61647781454633	0.016897403069054864	0.017187832807893363	2536.6603603847134	2414.401982997812 	40.430623826103954	2857.464030386971 	1757.237573484215 	-0.037966012036746835 	0.14731665736178057  
152.68205505919914	6.941034219251141 	17405.260000000002	16558.569642986735	285.23035701326415	0.016933848479159345	0.017225543217983894	2657.4708656396765	2529.3355815116356	42.41041749450224 	2860.0356939026765	1756.0300689892963	-0.039773293299528376 	0.15432952533317087  
159.7513712742765 	7.069316215077343 	17405.260000000002	16557.949945291424	285.85005470857345	0.016970639327739196	0.017263613892603925	2780.5141523853135	2646.3889655483235	44.43118192133431 	2862.2574425713674	1754.9799945500722	-0.04161390727147678  	0.16147174444352733  
167.02949556247356	7.278124288197065 	17405.260000000002	16557.317419101273	286.48258089872763	0.01700819179156293 	0.017302475615296735	2907.1917979336986	2766.8951796036727	46.51623775151871 	2864.4862011021473	1754.0543726142773	-0.043508815495719236 	0.16882465323863213  
174.57801299825374	7.5485174357801785	17405.260000000002	16556.66692999055 	287.13307000944747	0.01704681069648461 	0.017342444057344537	3038.575706517986 	2891.873468603111 	48.683666736874116	2866.5939771060685	1753.229806820483 	-0.04547404517308446  	0.17645044372183574  
182.49327196597613	7.9152589677224015	17405.260000000002	16555.990590263787	287.80940973621233	0.017086964327302175	0.01738400418670609 	3176.342846818526 	3022.9184215922246	50.961752748283565	2868.686683910189 	1752.4844868579112	-0.04753467053981521  	0.18444641407864287  
190.86950052459906	8.376228558622927 	17405.260000000002	16555.28098096321 	288.5190190367878 	0.017129093140312038	0.017427612335215188	3322.1332827007836	3161.589238940995 	53.37845399524538 	2870.5490262900976	1751.8014493328371	-0.04971520932273749  	0.1929077038245403   
199.80010413072247	8.930603606123423 	17405.260000000002	16554.53104753413 	289.268952465872  	0.017173615957555424	0.01747370261563283 	3477.5727604222993	3309.4311936117856	55.96180034527664 	2872.0590516755838	1751.167055235701 	-0.052039960273561996 	0.2019286030085609   
209.45916099892597	9.65905686820348  	17405.260000000002	16553.727396229515	290.07260377048493	0.0172213279527473  	0.017523098987153523	3645.691156568166 	3469.324587912705 	58.76362812100361 	2873.7772570237858	1750.5650926692922	-0.05455421492703651  	0.21168486259514588  
219.97986046684377	10.520699467917815	17405.260000000002	16552.860561518723	290.9394384812774 	0.017272791085222897	0.017576384299257564	3828.8066661891376	3643.4722592147923	61.8245145166299  	2875.72613581632  	1749.9838759912443	-0.05729261193001448  	0.22231089760167416  
231.52188987967082	11.542029412827059	17405.260000000002	16551.919468420456	291.8805315795434 	0.017328662865834517	0.01763424067742866 	4029.6986890470394	3834.5150005580463	65.19340819715258 	2877.426714389071 	1749.4113921304495	-0.06029667663166414  	0.23396784733726328  
242.31914909899882	10.797259219327996	17405.260000000002	16551.047404023324	292.75259597667633	0.017380436479694387	0.01768785919285763 	4217.62779304684  	4013.2209497306717	68.35433386304395 	2879.2233897993087	1748.9178277485862	-0.06310675057918598  	0.2448720556816437   
252.67111224853883	10.351963149540008	17405.260000000002	16550.21880702812 	293.58119297188176	0.017429629476239435	0.017738810368308322	4397.806403175003 	4184.548204937851 	71.39347555408686 	2880.8001871452434	1748.473160585279 	-0.0658007977735802   	0.255326051045708    
262.7633007471116 	10.092188498572792	17405.260000000002	16549.418011949278	294.3819880507235 	0.01747717190008926 	0.01778805682702371 	4573.463567961672 	4351.568051056119 	74.36443406807936 	2881.869231446528 	1748.0600607290219	-0.06842711279820908  	0.2655172344222313   
272.7228471401527 	9.959546393041089 	17405.260000000002	16548.63446878701 	295.16553121298625	0.017523690094455306	0.01783624695860609 	4746.812062414614 	4516.384943789482 	77.30414886982173 	2882.7808150706064	1747.6676607897512	-0.07101878733903366  	0.2755740139997584   
282.6774037498972 	9.954556609744555 	17405.260000000002	16547.85795374667 	295.9420462533299 	0.017569791036068462	0.01788400934311407 	4920.0737083919375	4681.111532560066 	80.25012072245414 	2883.5844275636723	1747.2873700058396	-0.07360904187417355  	0.2856252989147348   
292.73068284052556	10.053279090628347	17405.260000000002	16547.080422595838	296.7195774041616 	0.01761595230317159 	0.017931838718749243	5095.053644816888 	4847.463950183494 	83.23312544575147 	2884.5625633020186	1746.912602946397 	-0.07622486187863792  	0.2957758042770693   
302.9725787922612 	10.24189595173563 	17405.260000000002	16546.295155129323	297.5048448706793 	0.017662572867801755	0.017980148551771317	5273.316506749794 	5016.929383549035 	86.28013911205423 	2885.3360611641847	1746.537694592499 	-0.07888963271535     	0.30611627597990215  
313.5220770710677 	10.549498278806512	17405.260000000002	16545.49348775785 	298.3065122421522 	0.01771016707881548 	0.018029472041004503	5456.933267161974 	5191.4760386201415	89.42712314950958 	2885.980319547556 	1746.1566224250193	-0.08163430358191974  	0.3167668115577592   
324.47553075912265	10.953453688054916	17405.260000000002	16544.668779514566	299.13122048543516	0.017759129203946563	0.018080218133820623	5647.580976500529 	5372.697301880762 	92.70364311974814 	2886.6895205808964	1745.764710328735 	-0.08448392976302836  	0.3278246382587466   
335.9668043824613 	11.491273623338628	17405.260000000002	16543.811907239866	299.98809276013526	0.017810000876294852	0.018132948708686366	5847.58958164588  	5562.806771279903 	96.15088837739836 	2887.3761088465412	1745.3560875272578	-0.08747331915947787  	0.3394248285185905   
348.1596079300644 	12.192803547603072	17405.260000000002	16542.91198400378 	300.888015996221  	0.017863428442288616	0.018188334453279182	6059.808497520834 	5764.51124720615  	99.81955684626833 	2888.295020390492 	1744.9233500986215	-0.09064503502644676  	0.35173255044685364  
361.20001194462714	13.04040401456276 	17405.260000000002	16541.95995007908 	301.8400499209184 	0.017919949769109014	0.018246933908183924	6286.780119899343 	5980.225088147898 	103.7556730450129 	2889.125704262083 	1744.4593685728726	-0.09403704211605149  	0.3648951288942757   
375.318319481924  	14.118307537296879	17405.260000000002	16540.941299110058	302.8587008899402 	0.017980426084965404	0.018309641235848818	6532.5129333459545	6213.755184365108 	108.03152532452327	2890.1540150471556	1743.9536062892182	-0.09770920213729098  	0.3791448608737338   
390.74916267263905	15.430843190715034	17405.260000000002	16539.84215533407 	303.95784466592846	0.01804568118037073 	0.018377312299071885	6801.09077109958  	6468.978895063246 	112.72185116215094	2891.393502816536 	1743.3948106473933	-0.10172248489327611  	0.3947183457482956   
407.7526631826508 	17.003500510011744	17405.260000000002	16538.64799651287 	305.1520034871263 	0.018116577226464717	0.018450843354998955	7097.041118386467 	6750.193804706857 	117.91050340907539	2892.073065483086 	1742.7731888408505	-0.10614446804981456  	0.41187782711612186  
425.0293431093834 	17.276679926732587	17405.260000000002	16537.45181447413 	306.3481855258691 	0.01818759338901371 	0.018524509638041267	7397.746224448029 	7035.906066509289 	123.20318295654111	2892.796861986956 	1742.1367475537725	-0.11063717011461409  	0.4293117742939598   
441.6326510417352 	16.603307932351786	17405.260000000002	16536.317806610517	307.4821933894811 	0.01825491833134335 	0.018594356796079643	7686.731115870674 	7310.463643119676 	128.3084044971016 	2893.6721914075215	1741.519918487766 	-0.11495446955943155  	0.44606510873173244  
457.8764964719873 	16.243845430252097	17405.260000000002	16535.223061557495	308.576938442502  	0.018319912278850502	0.018661794721107097	7969.459468984023 	7579.059250686356 	133.32088058850204	2894.23673617767  	1740.9107597814439	-0.11917801963430398  	0.4624546831095606   
473.95278248599953	16.076286014012233	17405.260000000002	16534.153813531277	309.6461864687241 	0.018383392492710916	0.01872767061204637 	8249.27140689227  	7844.867036392356 	138.2988412453214 	2894.911538805082 	1740.3021240767773	-0.12335773239764819  	0.47867418033526965  
490.05952460749023	16.10674212149072 	17405.260000000002	16533.096609858098	310.7033901419027 	0.01844615764506244 	0.01879281283317738 	8529.613441269767 	8111.161359957032 	143.30326062660995	2895.389887221707 	1739.6874338025575	-0.12754509575580053  	0.49492340015807884  
506.34987551840925	16.29035091091903 	17405.260000000002	16532.041549183596	311.75845081640165	0.018508795569669653	0.018857831314354354	8813.151234365549 	8380.474118067126 	148.38191518985363	2895.9669845956055	1739.0615713141879	-0.13177992270570857  	0.5113568385118828   
522.9775484907598 	16.627672972350535	17405.260000000002	16530.97921470021 	312.8207852997885 	0.018571865333225787	0.018923306431939124	9102.560205644284 	8655.345834361884 	153.5833969067724 	2896.3772460322707	1738.4186653042614	-0.1361021618711359   	0.5281295194313095   
540.1085257158653 	17.130977225105536	17405.260000000002	16529.89996726187 	313.90003273812863	0.018635939202444142	0.01898983256763926 	9400.729318301324 	8938.519174234321 	158.96081121856918	2896.3413334031743	1737.7528505306286	-0.1405549404845025   	0.5454088026974107   
557.9002695982771 	17.791743882411758	17405.260000000002	16528.79528574815 	315.00471425184816	0.018701523067944772	0.019057935488102935	9710.39924642811  	9232.595266643166 	164.56529441629036	2896.4327454349805	1737.0590074056636	-0.14517916018573024  	0.5633534131713563   
576.5413943993456 	18.641124801068436	17405.260000000002	16527.65534823711 	316.14465176289065	0.018769200047666836	0.019128221462859318	10034.852870283155	9540.689352658701 	170.45858632499272	2896.465002456712 	1736.3296633553598	-0.15002380678689362  	0.5821534482992388   
596.268338374932  	19.72694397558641 	17405.260000000002	16526.468228307895	317.33177169210546	0.018839678201599725	0.019201426905511094	10378.205459183671	9866.706065512839 	176.71857240683647	2896.6726861102766	1735.554124243528 	-0.15515027895760944  	0.6020471769057062   
617.3254491259282 	21.05711075099624 	17405.260000000002	16525.22252044204 	318.5774795579591 	0.01891363466426573 	0.019278256565917477	10744.709946653556	10214.679506310646	183.42689367666165	2897.1925253915483	1734.7206337383038	-0.16062201121584715  	0.6232807703795641   
640.0172707282343 	22.691821602306096	17405.260000000002	16523.904502480556	319.8954975194439 	0.01899188410687873 	0.01935955860017355 	11139.66700151531 	10589.636999454477	190.68590523775381	2897.665326300508 	1733.8152799422103	-0.16651805605109277  	0.6461610103837405   
664.7397403534529 	24.722469625218654	17405.260000000002	16522.49680109944 	321.3031989005578 	0.019075457966762716	0.019446407087770026	11569.968013184345	10998.11392475243 	198.62931381305845	2898.3348066816666	1732.8168179902618	-0.17294117949919577  	0.6710867057529301   
691.9076107108392 	27.167870357386334	17405.260000000002	16520.983142292753	322.81685770724584	0.019165322415799633	0.0195398091582609  	12042.831860400947	11446.953852938803	207.39956035242773	2898.9985225235464	1731.7056396228952	-0.17999899376508904  	0.6984754768899103   
721.9076107108392 	30                	17405.260000000002	16519.351264395646	324.448735604353  	0.019262205417088365	0.01964052524893282 	12564.989660400948	11942.53439087067 	217.13302242055832	2899.438609884593 	1730.471810856427 	-0.18779178398299118  	0.7287165164960065   
751.9076107108392 	30                	17405.260000000002	16517.757385546018	326.0426144539819 	0.019356832451939702	0.019738915328741165	13087.147460400949	12438.067112437053	226.91430085417775	2900.349140558444 	1729.2269523389803	-0.1955838223008868   	0.7589547340867957   
781.9076107108392 	30                	17405.260000000002	16516.20065251005 	327.5993474899472 	0.019449254176014154	0.019835030730276353	13609.30526040095 	12933.553132012354	236.7422812788762 	2901.193522702683 	1727.9703776907372	-0.20337512623184517  	0.7891901956057029   
811.9076107108392 	30                	17405.260000000002	16514.680146970983	329.11985302901724	0.019539525108883817	0.019928926875969942	14131.463060400949	13428.993536421483	246.6158768697467 	2901.4168638622227	1726.7097948005553	-0.21116571289577968  	0.8194229650897789   
841.9076107108392 	30                	17405.260000000002	16513.194921237704	330.6050787622968 	0.01962770151404652 	0.020020661073715293	14653.62086040095 	13924.389384058615	256.5340292326156 	2901.7383209146788	1725.4476019423644	-0.2189555989260594   	0.8496531050372507   
871.9076107108392 	30                	17405.260000000002	16511.744070488137	332.0559295118623 	0.01971383710990764 	0.02011028805281414 	15175.77866040095 	14419.74170617326 	266.4957071179715 	2901.8300906149498	1724.1870701391954	-0.22674480053237875  	0.8798806762844552   
901.9076107108392 	30                	17405.260000000002	16510.326677743058	333.47332225693964	0.019797986336630668	0.0201978633594502  	15697.936460400952	14915.051506505552	276.4999067856797 	2901.87134328577  	1722.9282788478868	-0.23453333351291172  	0.9101057381232583   
931.9076107108392 	30                	17405.260000000002	16508.941888594807	334.8581114051941 	0.01988019991956649 	0.02028343873670854 	16220.094260400952	15410.319763163396	286.54565012783553	2901.316184472817 	1721.6736370067306	-0.2423212132328293   	0.9403283481486255   
961.9076107108392 	30                	17405.260000000002	16507.588828530847	336.21117146915293	0.019960529777672077	0.020367067229592202	16742.252060400955	15905.547428019321	296.6319852719101 	2900.754423211838 	1720.4216111482776	-0.25010845465102455  	0.9705485627179443   
991.9076107108392 	30                	17405.260000000002	16506.266550647153	337.53344935284656	0.020039032127717415	0.020448806416470542	17264.409860400952	16400.735424538736	306.7579887524955 	2900.4246912656786	1719.1631854365519	-0.25789507229769415  	1.000766436148843    
1021.9076107108392	30                	17405.260000000002	16504.97430575472 	338.8256942452796 	0.020115751448323987	0.02052870170946844 	17786.567660400953	16895.88465371138 	316.9227595798539 	2899.945830072668 	1717.9023928182335	-0.26568108036868815  	1.030982021791336    
1051.9076107108392	30                	17405.260000000002	16503.711390566452	340.08860943354773	0.02019072949296167 	0.02060679573128884 	18308.725460400954	17390.995995428373	327.1254178628604 	2899.097509525223 	1716.6447197308355	-0.27346649265619477  	1.0611953714086575   
1081.9076107108392	30                	17405.260000000002	16502.477033414172	341.3229665858264 	0.020264012074818417	0.02068313537990185 	18830.883260400955	17886.070306430796	337.36510686043516	2898.2238746678554	1715.3879736120246	-0.28125132266254943  	1.0914065356762004   
1111.9076107108392	30                	17405.260000000002	16501.270501335268	342.52949866473324	0.02033564270917092 	0.0207577652058377  	19353.041060400956	18381.108421470854	347.64099182037717	2897.124918582555 	1714.1310739729497	-0.2890355834885257   	1.1216155637622611   
1141.9076107108392	30                	17405.260000000002	16500.09107259988 	343.7089274001191 	0.020405664244417476	0.02083072910857344 	19875.198860400957	18876.11115364885 	357.95225964238074	2895.9888809826766	1712.8720950433033	-0.2968192879354429   	1.1518225037112593   
1171.9076107108392	30                	17405.260000000002	16498.938005280204	344.86199471979353	0.020474120728089476	0.020902072279405274	20397.356660400957	19371.079293807255	368.2981194839746 	2894.837103871796 	1711.6088805952534	-0.30460244845530876  	1.1820274022566204   
1201.9076107108392	30                	17405.260000000002	16497.810483003697	345.9895169963007 	0.020541060627429723	0.02097184455796389 	20919.51446040096 	19866.013608297366	378.6778049938636 	2893.4715320198425	1710.3411510384583	-0.3123850770698268   	1.212230304516801    
1231.9076107108392	30                	17405.260000000002	16496.70794734689 	347.092052653109  	0.020606517095495616	0.021040079860838577	21441.67226040096 	20360.914846717777	389.0905665734569 	2891.787646893274 	1709.0731642792225	-0.3201671855758463   	1.2424312547663614   
1261.9076107108392	30                	17405.260000000002	16495.629816197397	348.1701838026016 	0.02067052469173237 	0.02110681360348704 	21963.83006040096 	20855.783741203697	399.535672087535  	2889.9510974126965	1707.8060896258942	-0.32794878547436884  	1.2726302961695217   
1291.9076107108392	30                	17405.260000000002	16494.575486240054	349.2245137599453 	0.020733119234373792	0.0211720825462451  	22485.98786040096 	21350.621005790897	410.0124075003333 	2888.1717223160704	1706.5376230655072	-0.33572988801577597  	1.302827470949902    
1321.9076107108392	30                	17405.260000000002	16493.54433876845 	350.2556612315487 	0.020794337455416752	0.02123592443428092 	23008.14566040096 	21845.42733595395 	420.5200773372798 	2886.4571393478477	1705.2626574813453	-0.3435105041335978   	1.333022820141954    
1351.9076107108392	30                	17405.260000000002	16492.53584137309 	351.26415862691107	0.02085421096349464 	0.02129837170010761 	23530.303460400963	22340.203411195143	431.05800209608714	2884.594818022663 	1703.9813242709868	-0.35129064449404496  	1.3632163837768565   
1381.9076107108392	30                	17405.260000000002	16491.549511428067	352.2504885719309 	0.020912768411636976	0.021359453720696992	24052.461260400964	22834.949896537986	441.6255167532451 	2882.5591765973777	1702.696007079531 	-0.3590703195819786   	1.3934082012051698   
1411.9076107108392	30                	17405.260000000002	16490.584849731582	353.2151502684163 	0.020970039436968874	0.02141920092507608 	24574.619060400964	23329.667442029935	452.2219712612976 	2880.3723244991943	1701.4062268561127	-0.36684953959573624  	1.423598310702105    
1441.9076107108392	30                	17405.260000000002	16489.64130451345 	354.15869548655047	0.02102605679754868 	0.0214776470237477  	25096.776860400965	23824.356681165336	462.8467321258941 	2878.3212204077686	1700.1062250728532	-0.3746283144934874   	1.4537867496415044   
1471.9076107108392	30                	17405.260000000002	16488.718385864402	355.0816141355963 	0.021080849578812164	0.02153482192042311 	25618.934660400966	24319.01823274127 	473.499180549962  	2876.2872046227594	1698.7937607489637	-0.3824066540287399   	1.4839735546290966   
1501.9076107108392	30                	16843.8           	15938.28009398789 	344.05990601211107	0.021130863623540046	0.021587015912833317	26124.248660400965	24797.16663556091 	483.8209777303253 	2860.0894445770555	1708.0285035939874	-0.3899253314105499   	1.5131858258750541   
1531.9076107108392	30                	16843.8           	15937.402838790375	344.93716120962443	0.02118474133383927 	0.02164324794313881 	26629.562660400963	25275.28872072462 	494.16909256661404	2853.929506960732 	1710.4497101194067	-0.3974435949708031   	1.5423965440141576   
1561.9076107108392	30                	16843.8           	15936.520917421181	345.81908257882026	0.02123890562282941 	0.021699785315174053	27134.876660400965	25753.384348247255	504.54366504397865	2850.2733248182785	1710.7991244455268	-0.40496144249045546  	1.5716057007181499   
1591.9076107108392	30                	16843.8           	15935.648861597787	346.6911384022127 	0.021292464007152085	0.021755696389475523	27640.190660400964	26231.453814095188	514.9443991960451 	2847.439563123205 	1710.2992444399665	-0.4124788786179732   	1.6008133134331135   
1621.9076107108392	30                	16843.8           	15934.791821176414	347.54817882358697	0.02134510020203404 	0.021810650727279387	28145.504660400966	26709.49756873048 	525.3708445607526 	2845.048743194884 	1709.4071873697576	-0.41999591046021967  	1.6300194088316986   
1651.9076107108392	30                	16843.8           	15933.951781966072	348.38821803392824	0.021396692246564576	0.021864520666381795	28650.818660400964	27187.516122189463	535.8224911017704 	2842.9788257608943	1708.3196397265338	-0.42751254601512356  	1.6592240169308003   
1681.9076107108392	30                	16843.8           	15933.129493808834	349.2105061911652 	0.021447194088267733	0.021917257769533512	29156.132660400963	27665.51000700373 	546.2988062875054 	2841.044480854167 	1707.130396890506 	-0.43502879367273156  	1.688427169218965    
1711.9076107108392	30                	16843.8           	15932.325124649828	350.0148753501722 	0.02149659541258641 	0.02196885091232816 	29661.446660400965	28143.479760743223	556.7992525480106 	2839.224931325194 	1705.8845386500045	-0.4425446618812209   	1.7176288974029055   
1741.9076107108392	30                	16843.8           	15931.538732064275	350.80126793572526	0.021544892683467196	0.022019296053914273	30166.760660400963	28621.42592270515 	567.3232905860823 	2837.1811441084014	1704.6159796002535	-0.45006015912181463  	1.7468292333133613   
1771.9076107108392	30                	16843.8           	15930.77009548432 	351.5699045156799 	0.02159209944735707 	0.022068607004462056	30672.074660400966	29099.34902556968 	577.8703877215527 	2835.161322807566 	1703.3354735415185	-0.4575752937682702   	1.7760282083059376   
1801.9076107108392	30                	16843.8           	15930.018882533615	352.32111746638503	0.02163823611755958 	0.02211680476114725 	31177.388660400964	29577.24959204569 	588.4400212455442 	2833.240971045601 	1702.0436350023451	-0.4650900740227047   	1.8052258533792795   
1831.9076107108392	30                	16843.8           	15929.28478309886 	353.0552169011417 	0.02168332174006572 	0.02216390890793396 	31682.702660400966	30055.128135538656	599.0316777525784 	2831.346062677091 	1700.7421405528864	-0.47260450798577025  	1.8344221987203961   
1861.9076107108392	30                	16843.8           	15928.56749464294 	353.77250535705963	0.021727374895565355	0.022209938557000784	32188.016660400965	30532.985160377946	609.6448529132902 	2829.459378736203 	1699.4322351379988	-0.48011860358447317  	1.8636172740800043   
1891.9076107108392	30                	16843.8           	15927.866693771712	354.4733062282885 	0.021770415445709186	0.022254914172963196	32693.330660400963	31010.8211611911  	620.2790521001389 	2827.6504730195875	1698.1128544879684	-0.4876323685793357   	1.8928111087994055   
1921.9076107108392	30                	16843.8           	15927.182080414015	355.15791958598464	0.0218124618197375  	0.022298854737319143	33198.64466040096 	31488.636623603517	630.9337896877183 	2825.796460498012 	1696.7837940983502	-0.4951458106160457   	1.9220037313580927   
1951.9076107108392	30                	16843.8           	15926.513386490791	355.8266135092087 	0.021853530482056554	0.022341777190921674	33703.95866040097 	31966.432025198243	641.6085880929946 	2823.9174789799968	1695.446783075977 	-0.5026589372055563   	1.9511951700171022   
1981.9076107108392	30                	16843.8           	15925.860344136756	356.4796558632452 	0.02189363788394329 	0.022383698472810375	34209.272660400966	32444.207835522346	652.302977768892  	2822.097573822045 	1694.1026622204574	-0.5101717557242071   	1.9803854524604538   
2011.9076107108392	30                	16843.8           	15925.22273478284 	357.11726521716065	0.021932797449086595	0.022424632368699515	34714.586660400964	32921.96451756583 	663.0164957254068 	2820.2378047951847	1692.755407360331 	-0.5176842734611514   	2.0095746060449473   
2041.9076107108392	30                	16843.8           	15924.60009919876 	357.7399008012409 	0.021971037381681064	0.022464608126595304	35219.90066040096 	33399.702520541796	673.748692749444  	2818.307918473686 	1691.4093244006463	-0.5251964974802249   	2.0387626572817488   
2071.9076107108394	30                	16843.8           	15923.990501774379	358.3494982256225 	0.022008476559611363	0.022503749809803787	35725.21466040096 	33877.422235595026	684.4991776962128 	2816.3162655843407	1690.0783427021274	-0.5327084339447462   	2.067949629230503    
2101.9076107108394	30                	16843.8           	15923.393828233868	358.94617176613326	0.022045122001268444	0.02254206456475903 	36230.52866040097 	34355.12405044204 	695.2675628491967 	2814.270463457592 	1688.7571499090109	-0.5402200889141793   	2.0971355448482973   
2131.9076107108394	30                	16843.8           	15922.809714610557	359.530285389442  	0.022080996060114332	0.022579575579524874	36735.842660400966	34832.80834188036 	706.05347141088   	2812.2388859154053	1687.4383651213448	-0.5477314683347452   	2.126320426236382    
2161.9076107108394	30                	16843.8           	15922.237963981848	360.1020360181516 	0.02211611083039364 	0.022616295324360103	37241.156660400964	35310.47548079982 	716.8565324914246 	2810.170202815351 	1686.117058589826 	-0.55524257805877     	2.1555042954308314   
2191.9076107108394	30                	16843.8           	15921.678412243791	360.6615877562084 	0.022150476390752707	0.022652234168908925	37746.47066040096 	35788.12583316713 	727.6763801241109 	2808.014542293008 	1684.7916900544265	-0.5627534238061266   	2.1846871738988045   
2221.9076107108394	30                	16843.8           	15921.13089877574 	361.20910122425954	0.02218410260590674 	0.022687402265628934	38251.78466040096 	36265.7597601304  	738.5126531608387 	2805.901723856367 	1683.461307023978 	-0.5702640112810254   	2.2138690830486802   
2251.9076107108394	30                	16843.8           	15920.595248954116	361.7447510458829 	0.02221700020057823 	0.022721810672854538	38757.09866040097 	36743.37761759902 	749.3649956922152 	2803.8299615736746	1682.1238148760672	-0.5777743460491849   	2.2430500437690637   
2281.9076107108394	30                	16843.8           	15920.071390559515	362.2686094404852 	0.022249173610211136	0.0227554638765821  	39262.412660400965	37220.9797593158  	760.2330539754297 	2801.716489592782 	1680.7845311030576	-0.5852844337114012   	2.2722300770802106   
2311.9076107108394	30                	16843.8           	15919.559223860637	362.78077613936324	0.022280628959926108	0.022788368134942973	39767.726660400964	37698.56653603163 	771.1164772596106 	2799.5290600576163	1679.4465241279615	-0.5927942797729632   	2.3014092036439306   
2341.9076107108394	30                	16843.8           	15919.058586404353	363.28141359564654	0.022311376226982517	0.02282053374097803 	40273.04066040096 	38176.13829362376 	782.0149196674801 	2797.3387242632884	1678.1076420805648	-0.6003038896459181   	2.3305874437720884   
2371.9076107108394	30                	16843.8           	15918.569296616844	363.7707033831559 	0.0223414265629606  	0.02285197222218128 	40778.35466040096 	38653.69537252226 	792.9280407689747 	2795.1729383809593	1676.7642800503822	-0.6078132687146246   	2.359764817672632    
2401.9076107108394	30                	16843.8           	15918.091231314253	364.24876868574745	0.022370787533348858	0.022882691359953578	41283.66866040097 	39131.238109461694	803.855503829547  	2793.050251994683 	1675.4171258952372	-0.6153224222544743   	2.388941345144545    
2431.9076107108394	30                	16843.8           	15917.624208591646	364.71579140835377	0.022399470310063157	0.022912702714233946	41788.982660400965	39608.76683571944 	814.7969775717977 	2790.985943339627 	1674.0623629592983	-0.6228313554938478   	2.418117045738573    
2461.9076107108394	30                	16843.8           	15917.168089054563	365.17191094543534	0.022427483454186277	0.022942015118665848	42294.29666040096 	40086.28187839108 	825.7521349001607 	2788.9503758312258	1672.6991078461176	-0.6303400735428543   	2.4472919388487964   
2491.9076107108394	30                	16843.8           	15916.722786669636	365.61721333036354	0.022454832249563853	0.02297063398230259 	42799.61066040096 	40563.78356199117 	836.7206513000716 	2786.895926790982 	1671.3305954145346	-0.6378485815387513   	2.4764660435403587   
2521.9076107108394	30                	16843.8           	15916.288159761607	366.051840238393  	0.022481525397356462	0.022998568294573758	43304.92466040097 	41041.272206784015	847.7022065072234 	2784.85730645201  	1669.9556083766333	-0.6453568845183482   	2.505639378788628    
2551.9076107108394	30                	16843.8           	15915.86407977629 	366.47592022371134	0.022507570792878132	0.0230258262062805  	43810.238660400966	41518.74812917731 	858.6964841139348 	2782.8095616391015	1668.5736228757964	-0.6528649874255361   	2.534811963148442    
2581.9076107108394	30                	16843.8           	15915.450456083956	366.8895439160435 	0.022532974002265248	0.023052413434882936	44315.552660400965	41996.21164285983 	869.7031704314161 	2780.6689806877807	1667.1871571817821	-0.6603728952095845   	2.5639838151948218   
2611.9076107108394	30                	16843.8           	15915.047193847173	367.2928061528265 	0.022557740850076002	0.023078335972187596	44820.86666040096 	42473.66305867524 	880.7219546160009 	2778.444543831886 	1665.7980377281451	-0.6678806127653296   	2.5931549532984977   
2641.9076107108394	30                	16843.8           	15914.654150296612	367.6858497033878 	0.022581880104664796	0.023103602895230682	45326.18066040096 	42951.10268318414 	891.7525301071025 	2776.2083560056235	1664.404390053396 	-0.6753881449056633   	2.6223253955226538   
2671.9076107108394	30                	16843.8           	15914.271212395583	368.0687876044181 	0.02260539870831945 	0.02312822137389052 	45831.49466040097 	43428.53081955601 	902.794593735235  	2773.950024023767 	1663.0064686715316	-0.682895496416863    	2.651495159758784    
2701.9076107108394	30                	16843.8           	15913.898324095328	368.4416759046721 	0.022628300103343383	0.023152194917998966	46336.808660400966	43905.947769278864	913.8478440123753 	2771.6452369049352	1661.608873566146 	-0.6904026719956389   	2.6806642638494482   
2731.9076107108394	30                	16843.8           	15913.535375823452	368.80462417654775	0.022650591019260608	0.023175530481859618	46842.122660400964	44383.35383055356 	924.9119827376717 	2769.344170748446 	1660.211901872209 	-0.6979096763714718   	2.709832725329369    
2761.9076107108394	30                	16843.8           	15913.182185904267	369.1578140957321 	0.02267228261390759 	0.023198239659615552	47347.43666040096 	44860.749296130685	935.9867171605437 	2767.0822198690794	1658.8101499009622	-0.7054165141313031   	2.7390005614855237   
2791.9076107108394	30                	16843.8           	15912.838570635158	369.50142936484195	0.022693386169607192	0.02322033418014454 	47852.75066040096 	45338.134453249746	947.0717600414889 	2764.8743797310676	1657.3982693556475	-0.7129231897948995   	2.768167789280975    
2821.9076107108394	30                	16843.8           	15912.504391878896	369.83560812110363	0.0227139101702276  	0.02324182284655663 	48358.06466040097 	45815.50958500611 	958.166828285122  	2762.708167951142 	1655.9740817626177	-0.7204297078218737   	2.7973344254530224   
2851.9076107108394	30                	16843.8           	15912.17935265858 	370.16064734141804	0.02273387285497159 	0.023262724680109405	48863.378660400966	46292.87496558586 	969.2716477053647 	2760.5417575708057	1654.5332771858261	-0.7279360725013849   	2.826500486099237    
2881.9076107108394	30                	16843.8           	15911.862830101081	370.4771698989176 	0.022753312478361074	0.023283079665447577	49368.692660400964	46770.2308504889  	980.3859628023321 	2758.346819144826 	1653.061831957608 	-0.7354422878798781   	2.8556659864062666   
2911.9076107108394	30                	16843.8           	15911.554886114476	370.7851138855241 	0.02277222523823505 	0.02330288375582306 	49874.00666040096 	47247.577497072336	991.5095162188979 	2756.1235949976053	1651.5722572448237	-0.7429483579819346   	2.884830941478699    
2941.9076107108394	30                	16843.8           	15911.255404249487	371.0845957505122 	0.022790618286469406	0.02332214437657792 	50379.32066040096 	47724.91515919982 	1002.6420540914132	2753.878419945182 	1650.0643390586933	-0.7504542868035626   	2.913995366313887    
2971.9076107108394	30                	16843.8           	15910.964328762966	371.375671237034  	0.022808495046598584	0.02334086505150926 	50884.63466040097 	48202.24408906271 	1013.7833242285243	2751.613511847443 	1648.541879822598 	-0.7579600783279078   	2.943159275789106    
3001.9076107108394	30                	16282.34          	15362.071507146407	358.8084928535943 	0.022823690076738342	0.023356777937576796	51373.10486040097 	48663.106234277104	1024.5475790141322	2735.468284718025 	1657.484916721396 	-0.7652069367501143   	2.971351387856712    
3031.9076107108394	30                	16282.34          	15361.761872672194	359.1181273278075 	0.0228433858236821  	0.023377404903448   	51861.57506040097 	49123.959090457276	1035.3211228339665	2729.516525268486 	1659.6179072507173	-0.7724536491169264   	2.999542951694423    
3061.9076107108394	30                	16282.34          	15361.438653017869	359.44134698213236	0.02286394571945924 	0.023398937762350625	52350.04526040097 	49584.80225004781 	1046.1043632434305	2725.867490961179 	1659.692270194966 	-0.7797002090084518   	3.0277339432796535   
3091.9076107108394	30                	16282.34          	15361.108100236923	359.7718997630791 	0.02288497207300603 	0.023420960090602457	52838.51546040097 	50045.63549305492 	1056.8975202363226	2723.0192601109757	1658.9377690775923	-0.7869466126175136   	3.0559243483237495   
3121.9076107108394	30                	16282.34          	15360.792143764715	360.0878562352857 	0.02290506996016035 	0.02344201085889007 	53326.98566040098 	50506.45925736786 	1067.7001559233813	2720.5641756225677	1657.807482164564 	-0.7941928672122058   	3.0841141941044747   
3151.9076107108394	30                	16282.34          	15360.491975555093	360.38802444490784	0.022924163561130664	0.023462010527946275	53815.45586040098 	50967.27401663451 	1078.5117966567284	2718.2883711307113	1656.4986453706663	-0.8014389805151748   	3.1123035096055665   
3181.9076107108394	30                	16282.34          	15360.192761795266	360.6872382047349 	0.022943196449863805	0.02348194738166675 	54303.92606040098 	51428.07979948837 	1089.3324138028706	2716.05471682423  	1655.1085108056075	-0.8086849526724661   	3.140492295375145    
3211.9076107108394	30                	16282.34          	15359.90297936047 	360.97702063953193	0.02296162941511747 	0.023501256559015173	54792.39626040099 	51888.876888869185	1100.1617244220565	2713.830192092749 	1653.6824913009316	-0.8159307881215828   	3.168680568067529    
3241.9076107108394	30                	16282.34          	15359.615723516865	361.2642764831368 	0.022979901664737394	0.023520398100195357	55280.86646040099 	52349.66536057468 	1110.9996527165506	2711.611288837066 	1652.2371538622797	-0.8231764877961297   	3.196868331114814    
3271.9076107108394	30                	16282.34          	15359.345089360751	361.53491063924974	0.022997116614289385	0.023538432695914945	55769.33666040099 	52810.44571325551 	1121.845700035728 	2709.428291567685 	1650.7754261029856	-0.8304220598014492   	3.2250556150806315   
3301.9076107108394	30                	16282.34          	15359.083546222691	361.79645377731015	0.02301375328717668 	0.023555862085683357	56257.806860401   	53271.21821964219 	1132.6995936490475	2707.2919321398044	1649.297037049572 	-0.8376675084371169   	3.2532424360298466   
3331.9076107108394	30                	16282.34          	15358.837193661124	362.04280633887686	0.023029423692495384	0.02357227970931931 	56746.277060401   	53731.98333545203 	1143.5608778392136	2705.17636844793  	1647.805756137854 	-0.8449128411018613   	3.2814288218023084   
3361.9076107108394	30                	16282.34          	15358.593112786706	362.28688721329473	0.023044949596542606	0.02358854646078715 	57234.747260401   	54192.74112883562 	1154.4294844556125	2703.0387189480457	1646.3072270293148	-0.85215805865951     	3.309614775424621    
3391.9076107108394	30                	16282.34          	15358.357794290096	362.522205709906  	0.02305991812862295 	0.023604229733772963	57723.21746040101 	54653.49186266433 	1165.3051506269096	2700.899865365592 	1644.805150451748 	-0.859403165182747    	3.3378003124691245   
3421.9076107108394	30                	16282.34          	15358.125499406297	362.75450059370394	0.023074694329687902	0.023619711963398595	58211.68766040101 	55114.235627646514	1176.1877856447209	2698.782218179488 	1643.2961973076794	-0.8666481619095819   	3.365985437366759    
3451.9076107108394	30                	16282.34          	15357.912774275346	362.96722572465393	0.023088225705218405	0.023633890298727804	58700.157860401014	55574.97301087477 	1187.0768024164604	2696.6707198622503	1641.7774757396794	-0.8738930585035155   	3.3941701864572553   
3481.9076107108394	30                	16282.34          	15357.702565353211	363.17743464679074	0.023101597025534874	0.02364790131214773 	59188.62806040102 	56035.704087835365	1197.972125455864 	2694.5467493661836	1640.2480384770322	-0.8811378559495903   	3.4223545633657544   
3511.9076107108394	30                	16282.34          	15357.500394887014	363.3796051129862 	0.02311445702231594 	0.023661376901801447	59677.09826040102 	56496.42909968198 	1208.8735136092537	2692.423734731886 	1638.7080078311274	-0.8883825580006455   	3.4505385823923898   
3541.9076107108394	30                	16282.34          	15357.30617220453 	363.573827795472  	0.02312681146319239 	0.02367432306933562 	60165.568460401024	56957.14828484811 	1219.7807284431178	2690.295094935563 	1637.1624668685788	-0.8956271684531384   	3.4787222575701677   
3571.9076107108394	30                	16282.34          	15357.119852187805	363.76014781219766	0.02313866321810214 	0.023686742782070277	60654.03866040103 	57417.861880413744	1230.6935328774837	2688.1509601726334	1635.619858146726 	-0.9028716910011015   	3.506905602763102    
3601.9076107108394	30                	16282.34          	15356.941314736774	363.93868526322666	0.02315001992657069 	0.023698644007578845	61142.50886040102 	57878.570119855845	1241.6116934353804	2685.956353133344 	1634.0821753364442	-0.9101161293270307   	3.535088631935515    
3631.9076107108394	30                	16282.34          	15356.770366183557	364.109633816445  	0.023160893907748482	0.023710039619934294	61630.97906040103 	58339.273230841354	1252.5349824498737	2683.733813774861 	1632.5450869054096	-0.9173604870022637   	3.5632713584909363   
3661.9076107108394	30                	16282.34          	15356.606780811642	364.27321918835764	0.02317129951938808 	0.023720944632347012	62119.44926040103 	58799.9714342657  	1263.4631790255246	2681.5247628902566	1631.0015468730153	-0.9246047675068488   	3.5914537953466685   
3691.9076107108394	30                	16282.34          	15356.450356679525	364.42964332047734	0.023181249606922593	0.023731372475798942	62607.91946040103 	59260.66494496608 	1274.396068325139 	2679.340672565288 	1629.4465020925452	-0.9318489742240598   	3.619635955272225    
3721.9076107108394	30                	16282.34          	15356.300926588043	364.5790734119592 	0.023190754805835243	0.023741334267598495	63096.38966040104 	59721.353972763725	1285.3334405274975	2677.186849721536 	1627.8776641956827	-0.939093110460336    	3.6478178506769487   
3751.9076107108394	30                	16282.34          	15356.158439443172	364.7215605568293 	0.023199818366200192	0.023750833386820304	63584.85986040104 	60182.03872594702 	1296.2750873442023	2675.031907327995 	1626.3020919475773	-0.9463371794736585   	3.6759994937883143   
3781.9076107108394	30                	16282.34          	15356.022790151075	364.85720984892515	0.023208446973001836	0.023759876814127574	64073.330060401044	60642.71940965155 	1307.22080363967  	2672.881131644821 	1624.7221827038875	-0.9535811844999525   	3.704180896679216    
3811.9076107108394	30                	16282.34          	15355.893854725915	364.98614527408574	0.02321664851293857 	0.023768472791426465	64561.80026040105 	61103.396225293334	1318.1703879978927	2670.704859881152 	1623.1383455908624	-0.9608251286848478   	3.732362071370877    
3841.9076107108394	30                	16282.34          	15355.7715033608  	365.1084966392011 	0.02322443124298392 	0.023776629950458213	65050.27046040105 	61564.06937039416 	1329.1236428970687	2668.4605872425823	1621.5504606759669	-0.9680690151759983   	3.760543029389487    
3871.9076107108394	30                	16282.34          	15355.655593980364	365.22440601963706	0.023231804200505128	0.02378435774261636 	65538.74066040105 	62024.73903821356 	1340.080375077658 	2666.2252698404427	1619.957252026759 	-0.9753128469629828   	3.7887237822424042   
3901.9076107108394	30                	16282.34          	15355.545950521662	365.33404947833844	0.02323877858480813 	0.02379166788699735 	66027.21086040106 	62485.40541672922 	1351.040396562008 	2664.0028364360696	1618.354452958377 	-0.9825566270491195   	3.8169043409859182   
3931.9076107108394	30                	16282.34          	15355.442472238246	365.4375277617549 	0.023245360804341416	0.0237985670828076  	66515.68106040105 	62946.06869089637 	1362.0035223948607	2661.7849503570224	1616.743974966645 	-0.9898003583033731   	3.845084716459298    
3961.9076107108394	30                	16282.34          	15355.345141059497	365.534858940503  	0.023251552008570955	0.023805056518272544	67004.15126040106 	63406.72904512815 	1372.9695681630758	2659.5500604158524	1615.1344470068575	-0.9970440436608649   	3.8732649196782982   
3991.9076107108394	30                	16282.34          	15355.253794273065	365.62620572693595	0.023257362547575957	0.023811147026648355	67492.62146040106 	63867.38665895634 	1383.9383543348838	2657.319816119991 	1613.5220661828373	-1.0042876859059284   	3.901444961092757    
4021.9076107108394	30                	16282.34          	15355.168287125665	365.71171287433623	0.023262801629065053	0.023816848245223225	67981.09166040106 	64328.04170757011 	1394.9097057211138	2655.0863712611017	1611.9044779386995	-1.0115312878354756   	3.929624851199716    
4051.9076107108394	30                	16282.34          	15355.088523170187	365.79147682981323	0.023267875388007113	0.023822166591735968	68469.56186040107 	64788.69436326522 	1405.8834500260084	2652.8415036379656	1610.2833299179626	-1.0187748521145317   	3.9578046000012383   
4081.9076107108394	30                	16282.34          	15355.01437321478 	365.86562678522046	0.023272592042253386	0.02382711066838432 	68958.03206040106 	65249.344794461664	1416.859418829565 	2650.604520071605 	1608.657335321507 	-1.0260183814296315   	3.9859842175801146   
4111.907610710839 	30                	16282.34          	15354.944614048361	365.9353859516402 	0.023277029399858037	0.023831762025168297	69446.50226040107 	65709.99313288312 	1427.837480408114 	2648.3811323268837	1607.032543871137 	-1.0332618778417595   	4.0141637115995845   
4141.907610710839 	30                	16282.34          	15354.876212704694	366.00378729530775	0.023281380386804537	0.023836322886958514	69934.97246040107 	66170.63941926425 	1438.8175940269734	2646.177022563547 	1605.4120003766454	-1.0405053419580677   	4.042343084553756    
4171.907610710839 	30                	16282.34          	15354.809308272539	366.0706917274613 	0.02328563615570256 	0.023840783977059063	70423.44266040108 	66631.28369851243 	1449.7997147787971	2643.9746966982525	1603.7891093222663	-1.0477487745420688   	4.070522339092742    
4201.907610710839 	30                	16282.34          	15354.743678120461	366.1363218795399 	0.023289810868064628	0.023845160137792528	70911.91286040108 	67091.92600885604 	1460.7838044351836	2641.780316257025 	1602.1584570548346	-1.054992176152965    	4.0987014773870785   
4231.907610710839 	30                	16282.34          	15354.67940597332 	366.20059402668124	0.023293899198179823	0.023849445784209656	71400.38306040109 	67552.56639103525 	1471.7698222559839	2639.5823640965955	1600.5179522231113	-1.0622355474554093   	4.126880501931264    
4261.907610710839 	30                	16282.34          	15354.616562322124	366.26343767787665	0.02329789666213829 	0.023853636213660392	71888.85326040108 	68013.20488790491 	1482.75772538632  	2637.3627270025645	1598.8693873922816	-1.069478889097118    	4.155059415156234    
4291.907610710839 	30                	16282.34          	15354.555256167387	366.3247438326135 	0.02330179632645332 	0.02385772415553838 	72377.3234604011  	68473.84154558994 	1493.7474677012985	2635.123651350962 	1597.2189370983474	-1.076722201826634    	4.183238219871329    
4321.907610710839 	30                	16282.34          	15354.49554332827 	366.3844566717297 	0.023305594640486392	0.02386170588527922 	72865.79366040109 	68934.47641188979 	1504.7390014014504	2632.8717153884577	1595.5684612463856	-1.0839654863862742   	4.211416918862529    
4351.907610710839 	30                	16282.34          	15354.43741290372 	366.44258709628053	0.023309292297650035	0.023865582127309055	73354.2638604011  	69395.1095342769  	1515.732279014339 	2630.6250623504156	1593.914519643086 	-1.09120874353123     	4.2395955149641305   
4381.907610710839 	30                	16282.34          	15354.380852515635	366.4991474843656 	0.0233128900853111  	0.023869353704634663	73842.7340604011  	69855.74095985237 	1526.7272534388699	2628.3825383721373	1592.253968388346 	-1.0984519739904577   	4.267774010840161    
4411.907610710839 	30                	16282.34          	15354.324822466648	366.5551775333521 	0.023316454138276745	0.023873089945121117	74331.2042604011  	70316.37070452636 	1537.7239087648707	2626.1485415207812	1590.5839060746687	-1.1056951779726916   	4.295952407417628    
4441.907610710839 	30                	16282.34          	15354.272472910348	366.60752708965373	0.023319784076314663	0.023876580784694422	74819.6744604011  	70776.99887871368 	1548.7221345775602	2623.9034652804853	1588.9072806375168	-1.1129383572842888   	4.32413071147594     
4471.907610710839 	30                	16282.34          	15354.219751430133	366.66024856986724	0.023323137672310153	0.02388009644942821 	75308.1446604011  	71237.62547125659 	1559.7219420346562	2621.65236049381  	1587.2232629154494	-1.1201815117117777   	4.3523089220703115   
4501.907610710839 	30                	15720.880000000001	14805.828619202097	353.5913807979041 	0.02332486208561436 	0.023881904207598448	75779.77106040111 	71681.80032983264 	1570.3296834585933	2605.766422870964 	1595.962841093414 	-1.1271659697529781   	4.379516223527811    
4531.907610710839 	30                	15720.880000000001	14805.72914110684 	353.6908588931589 	0.02333142421630636 	0.023888783559545643	76251.39746040112 	72125.97220406584 	1580.940409225388 	2600.1111070420147	1597.892516752277 	-1.1341503807416922   	4.406723348393401    
4561.907610710839 	30                	15720.880000000001	14805.618621388896	353.80137861110427	0.023338714714092247	0.023896426597128883	76723.02386040112 	72570.14076270751 	1591.554450583721 	2596.6442087006126	1597.7740476815932	-1.1411347397179383   	4.433930278051856    
4591.907610710839 	30                	15720.880000000001	14805.500927355457	353.91907264454227	0.023346478469792528	0.0239045659029761  	77194.65026040113 	73014.30579052817 	1602.1720227630574	2593.944446961744 	1596.8466355413266	-1.1481190431761454   	4.461136999346476    
4621.907610710839 	30                	15720.880000000001	14805.381218216487	354.0387817835136 	0.023354375153107017	0.023912844699189886	77666.27666040114 	73458.46722707467 	1612.7931862165628	2591.5695125710026	1595.5627766452271	-1.1551032900553755   	4.48834350829547     
4651.907610710839 	30                	15720.880000000001	14805.266975091843	354.1530249081564 	0.023361911267591795	0.02392074560384342 	78137.90306040114 	73902.62523632743 	1623.4177769638075	2589.3373652463265	1594.1143528022023	-1.162087483052886    	4.515549815021872    
4681.907610710839 	30                	15720.880000000001	14805.156088372776	354.26391162722314	0.023369225974821144	0.023928414500502575	78609.52946040114 	74346.7799189786  	1634.0456943126242	2587.17245817523  	1592.5835439713176	-1.1690716237316223   	4.542755925391547    
4711.907610710839 	30                	15720.880000000001	14805.05123512269 	354.3687648773107 	0.023376142680743107	0.023935666229686913	79081.15586040115 	74790.93145603228 	1644.6767572589436	2585.037489324409 	1591.0103712593796	-1.176055715057144    	4.569961850534487    
4741.907610710839 	30                	15720.880000000001	14804.945365988293	354.4746340117076 	0.02338312640006726 	0.0239429883224054  	79552.78226040116 	75235.07981701192 	1655.3109962792948	2582.923515379905 	1589.4137240305831	-1.1830397563315767   	4.59716758783151     
4771.907610710839 	30                	15720.880000000001	14804.847890551988	354.57210944801125	0.023389556424191115	0.023949729985019878	80024.40866040117 	75679.22525372848 	1665.948159562735 	2580.797081401726 	1587.8081890069084	-1.1900237517412418   	4.624373152922427    
4801.907610710839 	30                	15720.880000000001	14804.751843463326	354.668156536673  	0.023395892226527996	0.023956372946113785	80496.03506040118 	76123.36780903238 	1676.5882042588355	2578.6620486010547	1586.1959644134124	-1.1970077018189778   	4.651578548022438    
4831.907610710839 	30                	15720.880000000001	14804.657464353431	354.7625356465678 	0.02340211799967069 	0.02396290062777629 	80967.66146040117 	76567.50753296298 	1687.2310803282323	2576.5280912994117	1584.5765294449855	-1.2039916073116903   	4.678783775647525    
4861.907610710839 	30                	15720.880000000001	14804.570563078787	354.8494369212125 	0.023407850493040793	0.023968911182481293	81439.28786040118 	77011.64464985534 	1697.8765634358688	2574.3959362964915	1582.94693913887  	-1.210975471880029    	4.705988849751823    
4891.907610710839 	30                	15720.880000000001	14804.485063220887	354.93493677911147	0.02341349054113624 	0.023974824876610148	81910.91426040119 	77455.77920175198 	1708.5246115392422	2572.258363081509 	1581.3092121155155	-1.2179592960987708   	4.733193772492521    
4921.907610710839 	30                	15720.880000000001	14804.402906625815	355.01709337418487	0.023418910048945467	0.023980507394546418	82382.5406604012  	77899.91128895075 	1719.1751243404676	2570.1211106677233	1579.6659600265825	-1.224943081580714    	4.760398549778975    
4951.907610710839 	30                	15720.880000000001	14804.324040424923	355.09595957507827	0.023424112503979588	0.023985962385411695	82854.1670604012  	78344.0410101635  	1729.82800312772  	2567.985061925974 	1578.02164227066  	-1.231926829850917    	4.78760318740666     
4981.907610710839 	30                	15720.880000000001	14804.248296560794	355.17170343920617	0.023429108992244173	0.023991201466251878	83325.79346040121 	78788.16845906033 	1740.4831542308962	2565.8580525987454	1576.370096216586 	-1.2389105423953741   	4.814807690952639    
5011.907610710839 	30                	15720.880000000001	14804.175587774636	355.2444122253634 	0.02343390526981662 	0.02399623066607816 	83797.41986040122 	79232.29372669358 	1751.140486597657 	2563.7226155808753	1574.7127045346926	-1.2458942206499977   	4.842012065806009    
5041.907610710839 	30                	15720.880000000001	14804.104395580709	355.3156044192903 	0.023438601504496233	0.02400115501248143 	84269.04626040121 	79676.41685856099 	1761.7999547302356	2561.5765444614885	1573.047021238491 	-1.2528778652556711   	4.869216314300256    
5071.907610710839 	30                	15720.880000000001	14804.037498337662	355.38250166233865	0.023443014420231025	0.024005782321359588	84740.67266040122 	80120.53798351112 	1772.4614297801058	2559.4242913144058	1571.3716723700602	-1.2598614782948998   	4.896420444466608    
5101.907610710839 	30                	15720.880000000001	14803.974482094443	355.4455179055555 	0.023447171323543747	0.024010141218189104	85212.29906040123 	80564.65721797395 	1783.1247953172724	2557.268762581371 	1569.6852433734578	-1.2668450616699918   	4.923624463229176    
5131.907610710839 	30                	15720.880000000001	14803.911524920955	355.5084750790454 	0.0234513243302874  	0.024014496066163408	85683.92546040124 	81008.77456372158 	1793.7900495696438	2555.1035916412106	1567.987314507809 	-1.2738286153000586   	4.950828370356179    
5161.907610710839 	30                	15720.880000000001	14803.853367941361	355.5666320586401 	0.023455160689435352	0.024018518909991442	86155.55186040125 	81452.89016475982 	1804.457048531403 	2552.9481368662446	1566.2772025393658	-1.2808121415384641   	4.97803217467999     
5191.907610710839 	30                	15720.880000000001	14803.796475418445	355.6235245815565 	0.02345891363795953 	0.024022454319205605	86627.17826040126 	81897.00405902238 	1815.1257542688497	2550.794439715372 	1564.5658206589262	-1.2877956409387719   	5.00523587827818     
5221.907610710839 	30                	15720.880000000001	14803.740969353377	355.6790306466236 	0.023462575127981385	0.024026293852543647	87098.80466040125 	82341.11628810299 	1825.7961251882484	2548.6348593905464	1562.8558187458652	-1.2947791141245695   	5.0324394834911255   
5251.907610710839 	30                	15720.880000000001	14803.689734216725	355.7302657832765 	0.023465954883714314	0.02402983797755867 	87570.43106040126 	82785.22698012948 	1836.468033161747 	2546.4560445545208	1561.145745665945 	-1.3017625631645742   	5.059642998082895    
5281.907610710839 	30                	15720.880000000001	14803.63958270335 	355.78041729665   	0.023469263157604316	0.02403330716807951 	88042.05746040127 	83229.33616761059 	1847.1414456806463	2544.2663699662717	1559.4311253853618	-1.3087459885659543   	5.0868464238851265   
5311.907610710839 	30                	15720.880000000001	14803.591394258669	355.8286057413318 	0.023472441936520778	0.02403664058704931 	88513.68386040127 	83673.44390943834 	1857.8163038528862	2542.0515085279394	1557.7093215618925	-1.3157293912067227   	5.114049764408493    
5341.907610710839 	30                	15720.880000000001	14803.544254654038	355.87574534596223	0.02347555152809027 	0.024039901473870327	88985.31026040128 	84117.55023707797 	1868.492576213265 	2539.8351496772702	1555.9762012237832	-1.3227127716123477   	5.141253021337898    
5371.907610710839 	30                	15720.880000000001	14803.500358268997	355.91964173100394	0.023478447178784143	0.02404293802932851 	89456.93666040129 	84561.65524782604 	1879.1701654651952	2537.6174771648875	1554.2340320394414	-1.3296961313190745   	5.16845620072622     
5401.907610710839 	30                	15720.880000000001	14803.45732387358 	355.9626761264209 	0.023481285967828645	0.024045914973683805	89928.56306040128 	85005.75896754225 	1889.849045748988 	2535.386531843482 	1552.4867963939025	-1.3366794707259932   	5.195659303855863    
5431.907610710839 	30                	15720.880000000001	14803.4158436353  	356.0041563647016 	0.023484022235989346	0.024048784424154708	90400.18946040129 	85449.86144285131 	1900.529170439929 	2533.1537691395665	1550.737860678301 	-1.343662790572078    	5.2228623335720625   
5461.907610710839 	30                	15720.880000000001	14803.375812730981	356.0441872690186 	0.02348666289798809 	0.024051553630275245	90871.8158604013  	85893.96271723324 	1911.2104960579995	2530.917178239453 	1548.9888557954273	-1.3506460915361367   	5.250065292350638    
5491.907610710839 	30                	15720.880000000001	14803.337022015648	356.08297798435296	0.02348922175019578 	0.024054237058494538	91343.44226040131 	86338.06282789371 	1921.8929853975303	2528.684353219865 	1547.2346838096335	-1.3576293741960688   	5.277268182504102    
5521.907610710839 	30                	15720.880000000001	14803.299240443526	356.1207595564753 	0.023491714033681717	0.024056850690657623	91815.06866040132 	86782.16180510701 	1932.5766081842244	2526.46145298582  	1545.4683795488634	-1.364612639016293    	5.304471005775458    
5551.907610710839 	30                	15720.880000000001	14803.262276576952	356.1577234230477 	0.02349415237674315 	0.02405940776896133 	92286.69506040133 	87226.25967340432 	1943.261339886916 	2524.2482336590915	1543.6878725534543	-1.3715958864278792   	5.331673763638936    
5581.907610710839 	30                	15720.880000000001	14803.225984008346	356.19401599165525	0.023496546437242007	0.024061918420785113	92758.32146040132 	87670.35645292456 	1953.9471603666657	2522.030518464164 	1541.896009581216 	-1.3785791167013353   	5.358876457181582    
5611.907610710839 	30                	15720.880000000001	14803.189724476819	356.2302755231828 	0.02349893831843057 	0.024064426799459457	93229.94786040133 	88114.45214465886 	1964.634068632361 	2519.8113009781637	1540.0929030886243	-1.3855623298556232   	5.386079086474561    
5641.907610710839 	30                	15720.880000000001	14803.154814463083	356.26518553691665	0.02350124117788917 	0.02406684183217728 	93701.57426040134 	88558.54678909275 	1975.3220241984686	2517.592700255836 	1538.2853350477453	-1.392545526569657    	5.413281654065896    
5671.907610710839 	30                	15720.880000000001	14803.119188016766	356.30081198323546	0.02350359129724194 	0.024069306438582457	94173.20066040134 	89002.64036473325 	1986.0110485579655	2515.3753041508317	1536.4733615811297	-1.3995287064513633   	5.440484158484096    
5701.907610710839 	30                	15720.880000000001	14803.083989318158	356.336010681842  	0.023505913199966887	0.024071741465425216	94644.82706040135 	89446.73288441279 	1996.7011288784208	2513.162398781472 	1534.650416333128 	-1.4065118697271202   	5.467686600578784    
5731.907610710839 	30                	15720.880000000001	14803.048499050961	356.37150094903984	0.023508254336184354	0.024074196674548975	95116.45346040136 	89890.82433938431 	2007.3922739068921	2510.958418347383 	1532.8120401582764	-1.4134950162678435   	5.494888979793687    
5761.907610710839 	30                	15720.880000000001	14803.012992864029	356.40700713597136	0.02351059652255636 	0.024076652996777186	95588.07986040137 	90334.91472917024 	2018.0844841209712	2508.761064310219 	1530.9601758074473	-1.4204781460643943   	5.522091296309926    
5791.907610710839 	30                	15720.880000000001	14802.975903833436	356.4440961665641 	0.023513043122135553	0.02407921883290089 	96059.70626040136 	90779.00400628523 	2028.7778070059683	2506.5547062246565	1529.1037455942912	-1.4274612583422037   	5.549293547005058    
5821.907610710839 	30                	15720.880000000001	14802.938448928295	356.48155107170464	0.023515513856843116	0.02408180999344176 	96531.33266040137 	91223.09215975308 	2039.4722535381193	2504.3412623779222	1527.241560053672 	-1.4344443529678006   	5.576495731378158    
5851.907610710839 	30                	15720.880000000001	14802.900579861851	356.5194201381487 	0.023518011911943113	0.024084429819326392	97002.95906040138 	91667.17917714894 	2050.1678361422637	2502.114002139512 	1525.3846206468254	-1.4414274297417353   	5.603697848824284    
5881.907610710839 	30                	15720.880000000001	14802.8609065991  	356.5590934008998 	0.023520628981906946	0.024087174475978905	97474.58546040139 	92111.2650043469  	2060.864608944291 	2499.866873060416 	1523.5315180839693	-1.4484104878006536   	5.630899896031392    
5911.907610710839 	30                	15720.880000000001	14802.819689532902	356.6003104670977 	0.0235233478897674  	0.024090025950883557	97946.2118604014  	92555.3495950329  	2071.5626182583037	2497.606059264562 	1521.678554069553 	-1.4553935264115248   	5.6581018703201575   
5941.907610710839 	30                	15720.880000000001	14802.775921309752	356.6440786902485 	0.023526235086187234	0.024093053937054566	98417.8382604014  	92999.4328726722  	2082.261940619011 	2495.3456511622835	1519.8157432089056	-1.4623765443587933   	5.68530376691309     
5971.907610710839 	30                	15720.880000000001	14802.730505780935	356.68949421906444	0.023529230948088016	0.024096195906543452	98889.4646604014  	93443.51478784563 	2092.962625445583 	2493.0920364520352	1517.9369405520201	-1.4693595408691549   	5.712505583195129    
6001.907610710839 	30                	15159.42          	14254.449319392479	343.5106806075217 	0.02353141676011728 	0.024098488332354746	99344.2472604014  	93871.1482674274  	2103.267945863809 	2477.380360317232 	1526.4367460300014	-1.4760838927528384   	5.738736684526629    
6031.907610710839 	30                	15159.42          	14254.35510609055 	343.6048939094509 	0.023537870627776132	0.024105257049660326	99799.0298604014  	94298.77892061012 	2113.5760926810926	2471.911567878727 	1528.128242181401 	-1.4828082001849312   	5.764967619027599    
6061.907610710839 	30                	15159.42          	14254.245149351782	343.7148506482181 	0.023545402963716718	0.024113156961093004	100253.81246040139	94726.40627509066 	2123.887538200539 	2468.5673342650166	1527.7790741023687	-1.4895324558702894   	5.791198359246951    
6091.907610710839 	30                	15159.42          	14254.121733024045	343.8382669759547 	0.02355385731814272 	0.02412202403037908 	100708.59506040138	95154.02992708138 	2134.202686209818 	2465.9449076093238	1526.6286276581548	-1.4962566532123882   	5.817428880642785    
6121.907610710839 	30                	15159.42          	14253.994403125824	343.9655968741782 	0.023562579762800975	0.024131172438144662	101163.37766040137	95581.64975917517 	2144.5216541160435	2463.60660607814  	1525.1409388619743	-1.502980790596339    	5.84365917693888     
6151.907610710839 	30                	15159.42          	14253.854286531443	344.1057134685577 	0.023572178130955128	0.024141239734273515	101618.16026040138	96009.26538777111 	2154.8448255201   	2461.3802301431124	1523.500911585576 	-1.5097048618883613   	5.86988922518645     
6181.907610710839 	30                	15159.42          	14253.70108566185 	344.2589143381502 	0.02358267280758066 	0.02415224735450982 	102072.94286040137	96436.87642034097 	2165.1725929502445	2459.2015602481424	1521.7833892934918	-1.5164288607838752   	5.8961190017238785   
6211.907610710839 	30                	15159.42          	14253.541282032027	344.4187179679738 	0.02359361979125671 	0.02416372964114869 	102527.72546040136	96864.48265880194 	2175.5051544892835	2457.045672488544 	1520.0229789787318	-1.5231527842775503   	5.922348495271913    
6241.907610710839 	30                	15159.42          	14253.375508128636	344.5844918713638 	0.02360497575492492 	0.02417564117881051 	102982.50806040135	97292.08392404579 	2185.842689245424 	2454.9023607809636	1518.2361611490371	-1.5298766297079505   	5.948577695841955    
6271.907610710839 	30                	15159.42          	14253.191907938137	344.76809206186385	0.02361755286778864 	0.024188833931987515	103437.29066040134	97719.67968128393 	2196.18573200728  	2452.7658550757105	1516.435968564237 	-1.5366003883739963   	5.974806570778132    
6301.907610710839 	30                	15159.42          	14253.006403024116	344.95359697588503	0.02363026045939878 	0.02420216389594092 	103892.07326040133	98147.26987337465 	2206.5343399165567	2450.6301698794778	1514.6264654922334	-1.5433240596798803   	6.001035117844331    
6331.907610710839 	30                	15159.42          	14252.806074113463	345.15392588653737	0.023643983535133493	0.02421655946848391 	104346.85586040134	98574.85405559806 	2216.8889576931524	2448.4873002425547	1512.8111079461592	-1.550047636494675    	6.027263310277579    
6361.907610710839 	30                	15159.42          	14252.594755259053	345.3652447409476 	0.02365845945193353 	0.02423174521351711 	104801.63846040133	99002.43189825585 	2227.249915035381 	2446.3309208060286	1510.991840420948 	-1.5567711136202098   	6.053491128568713    
6391.907610710839 	30                	15159.42          	14252.366737569375	345.5932624306261 	0.02367407928440865 	0.0242481314713604  	105256.42106040132	99430.00290038293 	2237.6177129083   	2444.1607871716137	1509.1720376833293	-1.5634944829833917   	6.079718542418738    
6421.907610710839 	30                	15159.42          	14252.131472415052	345.8285275849483 	0.02369019558794162 	0.02426503911041644 	105711.20366040131	99857.56684455537 	2247.992568735848 	2441.9893686881946	1507.3426008924353	-1.570217741342778    	6.105945539662251    
6451.907610710839 	30                	15159.42          	14251.889157581092	346.07084241890897	0.02370679481372116 	0.02428245396750237 	106165.9862604013 	100285.12351928282	2258.3746940084156	2439.8196743575954	1505.4985208265834	-1.5769408856278453   	6.13217210877532     
6481.907610710839 	30                	15159.42          	14251.627776017167	346.3322239828344 	0.02372470016240861 	0.02430123979000118 	106620.76886040131	100712.67235256334	2268.7646607279003	2437.6415239712396	1503.639600333354 	-1.583663906597734    	6.158398215004424    
6511.907610710839 	30                	15159.42          	14251.345815061748	346.61418493825215	0.023744015255436523	0.024321505451922146	107075.5514604013 	101140.21272701518	2279.163086276048 	2435.4645429572174	1501.76514389159  	-1.5903867942964292   	6.184623821199221    
6541.907610710839 	30                	15159.42          	14251.055517740087	346.90448225991287	0.02376390141224615 	0.024342371119674404	107530.33406040129	101567.74439254738	2289.5702207438453	2433.2902100657802	1499.8898765584331	-1.597109545029687    	6.2108489132794915   
6571.907610710839 	30                	15159.42          	14250.749634122047	347.21036587795385	0.02378485527278838 	0.024364358001672564	107985.11666040128	101995.26688157103	2299.986531720184 	2431.1221370463927	1498.002308663019 	-1.6038321514586324   	6.237073463773629    
6601.907610710839 	30                	15159.42          	14250.427441219415	347.5325587805862 	0.02380692636372385 	0.02438751821403946 	108439.89926040127	102422.77970480762	2310.4125084836014	2428.9606025765897	1496.096631649147 	-1.6105546058868176   	6.263297443796221    
6631.907610710839 	30                	15159.42          	14250.096145345775	347.86385465422535	0.023829621032954284	0.024411333867936126	108894.68186040127	102850.282589168  	2320.848424123228 	2426.7980044639257	1494.1918499937203	-1.6172769043330515   	6.289520838405528    
6661.907610710839 	30                	15159.42          	14249.73002227208 	348.22997772791956	0.023854701460198517	0.024437654410549684	109349.46446040127	103277.77448983616	2331.2953234550655	2424.631512396117 	1492.2832594522001	-1.6239990297349878   	6.315743583493335    
6691.907610710839 	30                	15159.42          	14249.36181282348 	348.59818717652144	0.02387992480980366 	0.024464126306541406	109804.24706040126	103705.25534422086	2341.753269070361 	2422.4648584722613	1490.362814664672 	-1.6307209817560688   	6.341965678011923    
6721.907610710839 	30                	15159.42          	14248.96417256347 	348.99582743653053	0.02390716425010964 	0.02449271562549969 	110259.02966040125	104132.72426939776	2352.223143893457 	2420.2938694873224	1488.42828280859  	-1.6374427462016958   	6.368187068472367    
6751.907610710839 	30                	15159.42          	14248.53415983216 	349.4258401678426 	0.02393662129282739 	0.024523634238313722	110713.81226040125	104560.18029419273	2362.7059190984924	2418.121454222825 	1486.4761849092315	-1.6441643073993157   	6.394407696054267    
6781.907610710839 	30                	15159.42          	14248.102930216506	349.85706978349504	0.023966161695435185	0.024554642221284038	111168.59486040124	104987.62338209922	2373.2016311919974	2415.953606635125 	1484.5036448680473	-1.6508856655688238   	6.4206275617983195   
6811.907610710839 	30                	15159.42          	14247.624598311972	350.335401688029  	0.023998928733057836	0.024589039335689403	111623.37746040124	105415.05212004858	2383.7116932426384	2413.7885399137654	1482.4934420971347	-1.6576067976355475   	6.446846578887942    
6841.907610710839 	30                	15159.42          	14247.143638387399	350.81636161260263	0.02403187579720746 	0.024623627761242304	112078.16006040123	105842.4664292002 	2394.2361840910166	2411.625172931561 	1480.465191899453 	-1.6643277032772907   	6.473064746185708    
6871.907610710839 	30                	15159.42          	14246.62369032887 	351.33630967113186	0.024067493654670365	0.02466102266108368 	112532.94266040123	106269.86513991008	2404.776273381151 	2409.4492133338113	1478.4408680525767	-1.6710483636365763   	6.499281992917929    
6901.907610710839 	30                	15159.42          	14246.074956430053	351.88504356994787	0.02410508342055656 	0.024700490812111193	112987.72526040122	106697.24738860298	2415.3328246882493	2407.26115701734  	1476.4139497343683	-1.6777687651568454   	6.525498268133907    
6931.907610710839 	30                	15159.42          	14245.481434818705	352.4785651812959 	0.024145741266676703	0.02474318378035089 	113442.50786040121	107124.61183164753	2425.907181643688 	2405.069494398455 	1474.3702291469954	-1.6844888861110423   	6.5517134905056      
6961.907610710839 	30                	15159.42          	14244.885219130096	353.07478086990386	0.02418658366442324 	0.02478607411983523 	113897.2904604012 	107551.95838822142	2436.499425069785 	2402.8740100563728	1472.3097042945217	-1.6912087263686413   	6.57792765932772     
6991.907610710839 	30                	15159.42          	14244.224838692007	353.7351613079941 	0.024231821522184883	0.024833584509782018	114352.0730604012 	107979.28513338219	2447.111479909025 	2400.674288796065 	1470.2351999006798	-1.6979282544966405   	6.604140656701393    
7021.907610710839 	30                	15159.42          	14243.562268686857	354.3977313131441 	0.024277209371250785	0.02488125685329817 	114806.8556604012 	108406.59200144278	2457.7434118484193	2398.4714343398887	1468.1549974906493	-1.7046474706732175   	6.630352483295332    
7051.907610710839 	30                	15159.42          	14242.846204146435	355.11379585356525	0.02432626174161083 	0.02493278315047614 	115261.63826040119	108833.87738756718	2468.3968257240263	2396.2653975560033	1466.0721749802267	-1.7113663490539905   	6.656563042113415    
7081.907610710839 	30                	15159.42          	14242.091017068045	355.86898293195617	0.02437799411232502 	0.024987130225854807	115716.42086040118	109261.14011807922	2479.072895211985 	2394.0503501676735	1463.9911179815085	-1.7180848712017749   	6.682772263959351    
7111.907610710839 	30                	15159.42          	14241.274135541162	356.68586445883943	0.02443395272071162 	0.02504592363464714 	116171.20346040117	109688.37834214544	2489.77347114575  	2391.8316382110656	1461.8988086288775	-1.7248030072162257   	6.708980036614646    
7141.907610710839 	30                	15159.42          	14240.433242844896	357.5267571551051 	0.02449155615956648 	0.025106452244684645	116625.98606040118	110115.5913394308 	2500.4992738604033	2389.614056298595 	1459.787599120119 	-1.7315207465108602   	6.735186320347346    
7171.907610710839 	30                	15159.42          	14239.546641790746	358.4133582092543 	0.024552290745368136	0.025170278747314156	117080.76866040117	110542.77773868453	2511.251674606681 	2387.3997044848456	1457.6540502015057	-1.7382380675189621   	6.761391034215765    
7201.907610710839 	30                	15159.42          	14238.608124607297	359.3518753927043 	0.02461658172735809 	0.025237851357933574	117535.55126040116	110969.93598242274	2522.032230868462 	2385.1824649151445	1455.5301009751563	-1.744954946622215    	6.787594089578391    
7231.907610710839 	30                	15159.42          	14237.540392501898	360.4196074981034 	0.024689724283263097	0.025314738189463955	117990.33386040115	111397.06219419779	2532.8448190934055	2382.9635956943   	1453.3958815317003	-1.7516713210586428   	6.813795250884288    
7261.907610710839 	30                	15159.42          	14236.443570099837	361.5164299001647 	0.02476485960368193 	0.025393731806688115	118445.11646040114	111824.15550130079	2543.69031199041  	2380.741254646683 	1451.2642123989872	-1.7583871790866823   	6.839994474066387    
7291.907610710839 	30                	15159.42          	14235.201672483336	362.7583275166652 	0.02484993297122784 	0.02548318849727837 	118899.89906040115	112251.21155147528	2554.57306181591  	2378.5157537422033	1449.1251335579561	-1.7651024501038397   	6.866191494147632    
7321.907610710839 	30                	15159.42          	14233.90155325325 	364.058446746751  	0.024938994677800936	0.025576855747154095	119354.68166040114	112678.22859807289	2565.494815218313 	2376.286513836017 	1446.9723723512186	-1.7718171077144902   	6.892386212063046    
7351.907610710839 	30                	15159.42          	14232.510806786913	365.4491932130878 	0.02503426459677159 	0.02567707119103818 	119809.46426040113	113105.2039222765 	2576.4582910147055	2374.051069361705 	1444.8075187612633	-1.778531109161807    	6.918578467342681    
7381.907610710839 	30                	15159.42          	14231.027022022547	366.9329779774536 	0.025135907892435215	0.025784012454591224	120264.24686040112	113532.13473293718	2587.466280354029 	2371.812741064378 	1442.6271255319552	-1.7852444105729472   	6.944768095328099    
7411.907610710839 	30                	15159.42          	14229.48992316842 	368.47007683158233	0.025241203348384453	0.025894819759606443	120719.02946040111	113959.01943063222	2598.520382658977 	2369.564026026928 	1440.446516643685 	-1.7919569883307664   	6.970955007382185    
7441.907610710839 	30                	15159.42          	14227.813884140245	370.14611585975655	0.02535601658449239 	0.026015670353430664	121173.8120604011 	114385.85384715642	2609.6247661347693	2367.3049730754065	1438.2566718868366	-1.7986687754497241   	6.997138952030806    
7471.907610710839 	30                	15159.42          	14226.036038429718	371.9239615702823 	0.025477803855489554	0.026143892829005907	121628.59466040111	114812.6349283093 	2620.7824849818776	2365.032974604805 	1436.08152313907  	-1.805379723885187    	7.023319749102052    
7500.0            	28.092389289160565	15159.42          	14224.278638700589	373.68136129941223	0.025598190521101044	0.02627067219301524 	122054.458988439  	115212.22890118517	2631.280087253604 	2362.897653141294 	1434.0429519241984	-1.811663166763359    	7.04783287368209     