TIME              	DT                	WATINJ            	OILPROD           	WATPROD           	WC                  	WOR                 	CUMINJ            	CUMOPROD          	CUMWPROD          	PWBINJ            	PWBPROD           	MBEO                  	MBEW                 
Days              	Days              	SCF/D             	SCF/D             	SCF/D             	dec.                	SCF/SCF             	MSCF              	MSCF              	MSCF              	psia              	psia              	dec.                  	dec.                 
3                 	3                 	17124.530000000002	16576.835750141658	266.96424985834125	0.01584940748871046 	0.016104656756103765	51.373590000000014	49.73050725042497 	0.8008927495750238	2371.58502853309  	2192.8932024351398	-0.0007825541636275082	0.0029846899160663343
4.643146722380569 	1.6431467223805694	17124.530000000002	16576.2770108739  	267.5229891260988 	0.01588257929482058 	0.016138906761186844	79.51170534180774 	76.9677624901148  	1.2404722723190258	2408.927072831532 	2154.285727008719 	-0.0012108482512617458	0.0046193361691731745
6.7711629993216995	2.1280162769411306	17124.530000000002	16575.65323250037 	268.1467674996264 	0.01591961240929163 	0.016177146308409922	115.95298391677446	112.24102236980745	1.8110929581673796	2448.1169629740452	2113.8686711585733	-0.0017655050319010884	0.006736265248103924 
9.403735105552279 	2.632572106230579 	17124.530000000002	16574.985083144576	268.8149168554228 	0.015959279785762285	0.016218109126914744	161.0345439270832 	155.8758657608818 	2.518767610019658 	2487.4471250670144	2073.8055212755066	-0.0024516441292243524	0.00935501755835756  
12.689263220433828	3.2855281148815485	17124.530000000002	16574.25910170922 	269.5408982907795 	0.016002380596467514	0.016262621251225833	217.29766869621574	210.33106002287883	3.404351809464442 	2526.925898752541 	2034.153855679745 	-0.0033079285585148424	0.012623157381851784 
16.452664691243335	3.763401470809506 	17124.530000000002	16573.522607861327	270.27739213867244	0.01604610551886584 	0.016307781908142548	281.7441500851372 	272.70387938179874	4.421514144565679 	2563.7957563162713	1997.8489849494413	-0.004288714247340924 	0.016366477876778668 
20.24140598302685 	3.788741291783516 	17124.530000000002	16572.848975274745	270.95102472525406	0.016086098429407503	0.016349091524908575	346.62456399852283	335.49411661691425	5.448077479993306 	2594.927046531234 	1967.7941546938114	-0.005276063634564166 	0.020134852367305427 
24.061506509380898	3.8201005263540453	17124.530000000002	16572.220546919427	271.5794530805705 	0.016123407608768243	0.016387632080545403	412.0419900650885 	398.80166505105655	6.485538291653337 	2621.7416913609723	1942.3376379845001	-0.006271547532267598 	0.023934275894782045 
27.919985766184183	3.8584792568032835	17124.530000000002	16571.625479222963	272.1745207770386 	0.016158736198306708	0.01642412937211762 	478.1166338525941 	462.74293821415114	7.535718034301915 	2645.3480328202354	1920.3957520842685	-0.0072769964561343265	0.027771734902575784 
31.824061980771784	3.9040762145876005	17124.530000000002	16571.05555791995 	272.74444208004735	0.0161925718709583  	0.01645908681717576 	544.9721041115858 	527.4376020684361 	8.600533123287594 	2666.2169986335434	1901.2351453495978	-0.00829429214685139  	0.03165441108647198  
35.78590322484222 	3.96184124407044  	17124.530000000002	16570.50420518515 	273.29579481485166	0.016225305145801523	0.016492907604424824	612.8167733509075 	593.0873090635813 	9.683287675016087 	2684.960850201112 	1884.3243024976593	-0.00932660545874146  	0.03559440683765922  
39.81635396908373 	4.030450744241507 	17124.530000000002	16569.966591247263	273.8334087527385 	0.016257222761653454	0.016525887800967882	681.8363480341935 	659.8717432433307 	10.78695974112175 	2701.9097346273925	1869.2869351926188	-0.010376761884142459 	0.0396025058588976   
43.930637156974036	4.11428318789031  	17124.530000000002	16569.43836948022 	274.3616305197774 	0.016288582773470207	0.016558293914483723	752.2915139137168 	728.0431049596679 	11.915761184971444	2717.2033969081285	1855.831884081947 	-0.011448727139303718 	0.043693844173979764 
48.14916589510219 	4.218528738128154 	17124.530000000002	16568.915335372712	274.88466462728803	0.01631963479899358 	0.016590383803847506	824.5318358456544 	797.93955046155   	13.075370042372379	2731.244615530912 	1843.7272747515713	-0.012547818585771576 	0.047888716381413246 
52.490140189482666	4.340974294380472 	17124.530000000002	16568.39415408226 	275.40584591773774	0.016350576824572707	0.016622362031982498	898.8689803790018 	869.8625235835848 	14.270899740023388	2743.9771925276227	1832.8028045365695	-0.013678776322304872 	0.052205214067201904 
56.9861621766945  	4.496021987211831 	17124.530000000002	16567.870274133697	275.92972586630424	0.01638167906685571 	0.016654507869795117	975.8612437796703 	944.3520326173633 	15.511485854443624	2755.676185260624 	1822.898176537906 	-0.014850091713788368 	0.056675746174811886 
61.666678997775776	4.680516821081275 	17124.530000000002	16567.339966455045	276.4600335449537 	0.016413162917213082	0.016687050190599097	1056.0128944977812	1021.8957460109282	16.805461691807476	2766.5297173351546	1813.8998205774203	-0.016069433159194083 	0.061329580663845314 
66.56699420851943 	4.90031521074366  	17124.530000000002	16566.799200253055	277.00079974694387	0.016445267679914503	0.016720236443905998	1139.9284893336176	1103.078284125264 	18.162852924195583	2776.3663397089813	1805.7129389409035	-0.01734599354282954  	0.06620180417127391  
71.7442587807918  	5.177264572272365 	17124.530000000002	16566.241957703613	277.558042296387  	0.016478350627316105	0.016754436099933774	1228.5867118194326	1188.846101708575 	19.59984434332594 	2785.604838601067 	1798.2396152816793	-0.018694655481991458 	0.07134921907250943  
77.24346492856759 	5.499206147775794 	17124.530000000002	16565.663914799832	278.1360852001668 	0.01651266847149496 	0.01678991476771896 	1322.7580324732037	1279.9441025508297	21.12937201297699 	2794.1761574321586	1791.427608332618 	-0.02012713224136293  	0.07681653182179883  
83.1372941086386  	5.8938291800710045	17124.530000000002	16565.058210685143	278.7417893148551 	0.016548628534823206	0.016827093860440238	1423.6870870822052	1377.5757260025407	22.77222850454609 	2801.9691818899746	1785.2145901882452	-0.02166234740597656  	0.08267596829391012  
89.50811327508522 	6.370819166446624 	17124.530000000002	16564.41744842767 	279.3825515723299 	0.016586669965941762	0.016866427837994958	1532.7843710225952	1483.1046341640065	24.55212421887385 	2809.3846587713588	1779.5556108892492	-0.023321743952507197 	0.08900937033456655  
96.43494052758594 	6.926827252500715 	17124.530000000002	16563.73496885444 	280.0650311455635 	0.016627188113463913	0.01690832603106623 	1651.4030321128614	1597.8387649494666	26.4920863090854  	2816.209441158699 	1774.4275529146103	-0.025125888659556832 	0.09589523597479456  
104.05509217562562	7.6201516480396805	17124.530000000002	16562.99889993574 	280.8011000642589 	0.01667088780822967 	0.01695351800484321 	1781.8945476142665	1724.0513283132914	28.63183327451142 	2822.6481590652274	1769.7861684780923	-0.027110526787987817 	0.1034699950597409   
111.96934328401166	7.914251108386042 	17124.530000000002	16562.248045574946	281.5519544250521 	0.016715465300291627	0.016999621890113906	1917.4223781473565	1855.1291182653474	30.86010614188814 	2828.525922409244 	1765.8291260315762	-0.029171668473011305 	0.11133675092937927  
119.46297544436531	7.493632160353661 	17124.530000000002	16561.547735211338	282.2522647886605 	0.016757042044470993	0.017042626045666424	2045.7473068862976	1979.2352649991594	32.975200790641104	2833.2204154685724	1762.7088861863774	-0.03112318409502274  	0.11878510237822272  
126.6779194329294 	7.214943988564088 	17124.530000000002	16560.88222694116 	282.9177730588383 	0.01679655262226091 	0.017083496469686203	2169.299831666783 	2098.721102667746 	35.01643667662991 	2837.0607352356674	1760.178248475488 	-0.03300204735498609  	0.12595616626339814  
133.73730494843656	7.0593855155071505	17124.530000000002	16560.238596038405	283.561403961594  	0.016834764362055714	0.01712302647797771 	2290.1884907086505	2215.6262111459623	37.018205944513255	2840.545340124431 	1758.0734239644632	-0.03484032975914943  	0.1329723496779048   
140.72196818353402	6.98466323509747  	17124.530000000002	16559.60846210114 	284.1915378988576 	0.016872174800155407	0.017161730517316735	2409.797565817974 	2331.2894995588085	39.00318813100122 	2843.6202527492974	1756.2891157949462	-0.03665908506044967  	0.139914008278823    
147.70803556435777	6.986067380823748 	17124.530000000002	16558.984321917473	284.8156780825282 	0.016909229394942247	0.017200069312557183	2529.430686262912 	2446.9716797897286	40.99292964920076 	2846.1489004315126	1754.7493776330718	-0.038478137442104404 	0.14685680512512042  
154.75522853091073	7.047192966552966 	17124.530000000002	16558.360467939994	285.4395320600057 	0.01694626699794617 	0.01723839341537882 	2650.1105536344367	2563.6616412170442	43.004477111910205	2848.4733814184433	1753.4005492836611	-0.04031303674763808  	0.1538600894434511   
161.92703971434554	7.171811183434819 	17124.530000000002	16557.73111705864 	286.06888294135854	0.016983630946779144	0.01727705812583437 	2772.924449399502 	2682.410562414672 	45.05610912582175 	2850.4289773475384	1752.201019304444 	-0.042180312313242034 	0.16098694916925052  
169.3069821556516 	7.379942441306075 	17124.530000000002	16557.088988978354	286.7110110216463 	0.017021753465467786	0.017316510843935352	2899.302495133921 	2804.600926148915 	47.17201988445017 	2852.380568479774 	1751.1158925391182	-0.04410170306423997  	0.16832035602143589  
176.9570764398317 	7.6500942841800965	17124.530000000002	16556.428906440367	287.37109355963145	0.017060941922822134	0.017357069884064526	3030.3067642061915	2931.2591682925085	49.37043584472929 	2854.2311822509296	1750.1205505736827	-0.04609334929051917  	0.17592191316546002  
184.97191863528212	8.014842195450436 	17124.530000000002	16555.743120817217	288.05687918278346	0.01710165634730782 	0.017399211686280655	3167.557169827448 	3063.950836834272 	51.67916627469324 	2856.0342183072776	1749.191320954755 	-0.0481798685239755   	0.18388557959947163  
193.4491516394522 	8.47723300417008  	17124.530000000002	16555.023911543925	288.7760884560725 	0.017144355101347233	0.01744341113604234 	3312.725800724349 	3204.291631922037 	54.12718846256819 	2857.6201891992546	1748.3086892140898	-0.05038666698366269  	0.1923083246176759   
202.48238326018716	9.033231620734961 	17124.530000000002	16554.264199191937	289.5358008080605 	0.01718945848371867 	0.017490103898558877	3467.4156466105733	3353.8301347441784	56.74263241376238 	2858.8530437002055	1747.456776861444 	-0.05273809544589779  	0.2012830895878387   
212.2431524030286 	9.76076914284144  	17124.530000000002	16553.450780713494	290.34921928650533	0.017237750346507638	0.017540102250147904	3634.5642306202362	3515.4045463321113	59.57666411402221 	2860.2379227852484	1746.6153344210754	-0.055278783353375605 	0.21098021456552238  
222.8689765145555 	10.625824111526905	17124.530000000002	16552.573815394175	291.2261846058259 	0.017289814923344252	0.01759401213695121 	3816.526474392802 	3691.289284287556 	62.67118232831478 	2861.880644245835 	1745.7688690094146	-0.058044494996688345 	0.22153620408064773  
234.53894202473552	11.669965510180026	17124.530000000002	16551.620645764513	292.17935423548573	0.01734640367586208 	0.0176526130273686  	4016.3691488708455	3884.446126361211 	66.08090531502957 	2863.2000227031044	1744.8999281128804	-0.06108180300699579  	0.23312881635122076  
245.55770949887287	11.018767474137343	17124.530000000002	16550.729200399564	293.07079960043586	0.01739932791890404 	0.017707425216851508	4205.060363044734 	4066.814762947829 	69.31018430928627 	2864.6407330485267	1744.1190365014047	-0.06394947114462826  	0.2440739671855265   
256.1059996746059 	10.548290175733062	17124.530000000002	16549.883503478384	293.91649652161385	0.017449536121398608	0.017759429935554516	4385.69487460778  	4241.3877365170965	72.4105008020311  	2865.9321765648924	1743.398063123682 	-0.06669455584886866  	0.25455125762973346  
266.37882620996953	10.272826535363581	17124.530000000002	16549.067062582762	294.73293741723626	0.01749800742215155 	0.01780964064636754 	4561.61220079741  	4411.393431773108 	75.43824114237653 	2866.7020319021535	1742.7147131280237	-0.06936782206053997  	0.26475444353059574  
276.5063044396992 	10.12747822972966 	17124.530000000002	16548.269044662098	295.53095533790025	0.01754538496882534 	0.017858723141392748	4735.040505566762 	4578.9856662626335	78.43122445877232 	2867.336414083263 	1742.0549482076804	-0.07200313765342416  	0.27481278950928245  
286.6189303004191 	10.11262586071988 	17124.530000000002	16547.478964436723	296.32103556327587	0.01759229126226124 	0.017907322088163334	4908.214470497435 	4746.324129968114 	81.4278082260848  	2867.836480538672 	1741.4069369536746	-0.07463446280307086  	0.2848559129827746   
296.8242702612028 	10.205339960783729	17124.530000000002	16546.688449846763	297.11155015323794	0.017639223343499565	0.017955952398196598	5082.976120816074 	4915.188710823973 	84.45993260167404 	2868.497435981336 	1740.7612949297636	-0.07728978549164851  	0.29499063716714663  
307.21345785149333	10.38918759029051 	17124.530000000002	16545.890664343973	297.9093356560282 	0.017686587091750562	0.018005034706171253	5260.886075381632 	5087.087072784279 	87.55496857470334 	2868.9988689524807	1740.1100389518233	-0.07999281307719862  	0.3053074477993108   
317.90496399659764	10.691506145104334	17124.530000000002	16545.07696045831 	298.72303954168854	0.017734895898887933	0.018055101239820022	5443.973093108656 	5263.978864778244 	90.74876778764755 	2869.3248611273216	1739.4441358598488	-0.08277436020035144  	0.3159239574556355   
328.99765681738563	11.092692820787963	17124.530000000002	16544.240488120715	299.5595118792853 	0.017784556446840103	0.018106573831199957	5633.930244099024 	5447.49904246621  	94.07168943446965 	2869.7271407421053	1738.7562656900686	-0.0856601358369136   	0.3269382920192858   
340.6219811449046 	11.624324327519005	17124.530000000002	16543.37235644936 	300.4276435506414 	0.01783609657860111 	0.018160000094147734	5832.991334775353 	5639.804568208489 	97.56395780005457 	2870.058571811489 	1738.0373053319368	-0.08868405727541141  	0.3384799070621023   
352.947038793665  	12.325057648760357	17124.530000000002	16542.461251390923	301.3387486090778 	0.017890187998496645	0.018216077041361703	6044.052154233279 	5843.691356784268 	101.27797524846677	2870.6143175840557	1737.2752295832654	-0.09189008905453035  	0.35071660690523954  
366.1193761822715 	13.172337388606502	17124.530000000002	16541.498057945162	302.30194205483735	0.01794737185521304 	0.01827536665638555 	6269.622241014592 	6061.5815501165   	105.25999842244406	2871.074909034005 	1736.459005451537 	-0.09531631836125028  	0.3637937636501975   
380.36294421333207	14.243568031060617	17124.530000000002	16540.46869139623 	303.3313086037713 	0.018008484344611744	0.018338737206494853	6513.5366490695305	6297.17684118803  	109.58051855249252	2871.6595719153825	1735.5723969115713	-0.0990209526772413   	0.3779335452429317   
395.9190304103669 	15.556086197034826	17124.530000000002	16539.35875326614 	304.4412467338598 	0.018074380290306218	0.018407076796356434	6779.927313833239 	6554.464531597521 	114.3164328286172 	2872.4165726551373	1734.5975176023887	-0.1030666906313692   	0.3933752622759369   
413.0460478440486 	17.12701743368173 	17124.530000000002	16538.153791166565	305.6462088334348 	0.018145917716514966	0.018481277456537378	7073.219437686846 	6837.713779899741 	119.55124077584617	2872.657242302511 	1733.5175680747623	-0.10752066286876899  	0.4103751430308598   
430.6981357815715 	17.652087937522914	17124.530000000002	16536.92962355603 	306.87037644397236	0.018218595355203242	0.018556671850792114	7375.503147135595 	7129.625115831379 	124.96814364625592	2872.858302887204 	1732.3988621820977	-0.11211084269962739  	0.4278949213757947   
447.6255558443164 	16.927420062744858	17124.530000000002	16535.77167406873 	308.0283259312699 	0.018287341688411753	0.018627998257518128	7665.3772598226715	7409.533069019978 	130.1822685105186 	2873.2693893213936	1731.3201351127552	-0.11651227452598513  	0.44469430669859805  
464.164137137782  	16.538581293465608	17124.530000000002	16534.65538980738 	309.1446101926193 	0.018353614397738   	0.018696767661888398	7948.592691340062 	7682.992811343746 	135.29508177762597	2873.3726097678764	1730.2598054874793	-0.12081231099915338  	0.46110670487449734  
480.5123304393401 	16.34819330155805 	17124.530000000002	16533.56646465713 	310.23353534286696	0.018418262823286135	0.01876386053825928 	8228.547817978391 	7953.286751872119 	140.36683958203693	2873.5592375860892	1729.2053039500056	-0.12506256661038964  	0.47732911697432717  
496.872253709199  	16.359923269858918	17124.530000000002	16532.491091671083	311.308908328917  	0.018482106670045777	0.01883012708748723 	8508.703814810788 	8223.757037591484 	145.45982943552153	2873.5950929716105	1728.1444523448956	-0.12931559517993077  	0.49356213058970166  
513.403308639628  	16.531054930429015	17124.530000000002	16531.418901167395	312.3810988326057 	0.018545761575927387	0.018896206109116645	8791.790360898567 	8497.038831524615 	150.6238185395511 	2873.690369937915 	1727.0676891219834	-0.1336128335130814   	0.5099639023251641   
530.2593814330849 	16.85607279345689 	17124.530000000002	16530.34041224541 	313.45958775459167	0.018609790412768595	0.018962681949513022	9080.442685132304 	8775.675452814045 	155.90751616854948	2873.6686362190358	1725.9649373206032	-0.13799427418975427  	0.5266870771971504   
547.6108048194402 	17.35142338635538 	17124.530000000002	16529.245661995246	314.554338004754  	0.01867478466882497 	0.01903016897667574 	9377.577655454648 	9062.481392552401 	161.3654816652847 	2873.146513161102 	1724.8255758023906	-0.1425041738641108   	0.5439005761493004   
565.6139585242414 	18.003153704801242	17124.530000000002	16528.126153404923	315.6738465950748 	0.018741248803421727	0.019099191503329827	9685.873201167129 	9360.039788144495 	167.04860644612168	2872.7077195791826	1723.6403577541753	-0.14718315127768664  	0.5617594354511715   
584.4566464394017 	18.842687915160287	17124.530000000002	16526.972061469376	316.82793853062276	0.01880976611754015 	0.019170356030870805	10008.545375650929	9671.452364881337 	173.0184964146578 	2872.2212526547155	1722.3967545037592	-0.15207997970786036  	0.5804498168032011   
604.3734823514417 	19.91683591204008 	17124.530000000002	16525.77150254136 	318.0284974586401 	0.01888104213174225 	0.019244396390796833	10349.611829731737	10000.59344421732 	179.35261781389417	2871.8388407063094	1721.077711770198 	-0.15725558120868988  	0.6002042526199486   
625.6100354274279 	21.2365530759862  	17124.530000000002	16524.51291868997 	319.2870813100311 	0.01895576302912829 	0.019322026790205903	10713.277819978055	10351.5171398699  	186.13317486261138	2871.757906908003 	1719.6645921721454	-0.16277370493786605  	0.62126606737355     
648.46307741076   	22.8530419833321  	17124.530000000002	16523.1829390656  	320.6170609344019 	0.019034722624016072	0.019404073786314507	11104.625423012885	10729.122133274643	193.4602500167178 	2871.5350287112265	1718.1359014082998	-0.16871138058284935  	0.6439292764915807   
673.3332441537749 	24.870166743014924	17124.530000000002	16521.763780381174	322.03621961882624	0.019118976692838092	0.019491636843351392	11530.515339508645	11140.021153381427	201.46934449592817	2871.4445970519996	1716.4595146373263	-0.1751725904313315   	0.6685907718983092   
700.629336887862  	27.29609273408714 	17124.530000000002	16520.23930837946 	323.56069162053745	0.0192094831107314  	0.019585714563857423	11997.948098416302	11590.959137532265	210.30128713950774	2871.401348721637 	1714.603173190875 	-0.18226339571486005  	0.6956553829795123   
730.629336887862  	30                	17124.530000000002	16518.602832056196	325.1971679438018 	0.019306639116102173	0.01968672358371135 	12511.683998416303	12086.517222493952	220.0572021778218 	2870.931025105838 	1712.5543108523689	-0.19005583286886255  	0.7253980738667765   
760.629336887862  	30                	17124.530000000002	16517.00384100966 	326.7961589903398 	0.01940156965710468 	0.019785438214825965	13025.419898416303	12582.027337724243	229.861086947532  	2870.8863608085157	1710.493767437414 	-0.19784751570520845  	0.7551379337368959   
790.629336887862  	30                	17124.530000000002	16515.441470080994	328.35852991900373	0.0194943260973773  	0.019881910544980026	13539.155798416303	13077.490581826672	239.7118428451021 	2870.8827058342554	1708.41914782686  	-0.2056384615117651   	0.7848750274726803   
820.629336887862  	30                	17124.530000000002	16513.914806872635	329.8851931273642 	0.019584962605075112	0.01997619564986947 	14052.891698416304	13572.90802603285 	249.60839863892303	2870.298322036919 	1706.337367277641 	-0.21342868714837726  	0.8146094182787297   
850.629336887862  	30                	17124.530000000002	16512.422931192956	331.37706880704246	0.019673533811078406	0.02006834915674618 	14566.627598416304	14068.280713968637	259.5497107031343 	2869.7204383256208	1704.2517977827083	-0.2212182090041286   	0.8443411678082529   
880.629336887862  	30                	17124.530000000002	16510.964949858568	332.8350501414315 	0.01976009274281525 	0.02015842509218594 	15080.363498416305	14563.609662464396	269.53476220737724	2868.9429176084905	1702.1654443969676	-0.22900704307024097  	0.8740703360058356   
910.629336887862  	30                	17124.530000000002	16509.539948636535	334.26005136346555	0.01984469367740448 	0.020246478848192914	15594.099398416305	15058.89586092349 	279.5625637482812 	2868.2242419707004	1700.0774240830863	-0.23679520490885947  	0.9037969813493131   
940.629336887862  	30                	17124.530000000002	16508.14710422643 	335.6528957735666 	0.019927385493390248	0.020332560259753954	16107.835298416305	15554.140274050284	289.6321506214882 	2866.8311408087043	1697.9913874219424	-0.2445827096861132   	0.9335211606148245   
970.629336887862  	30                	17124.530000000002	16506.78555627902 	337.01444372097956	0.020008219268869233	0.020416721509584436	16621.571198416306	16049.343840738655	299.7425839331176 	2865.395480096995 	1695.9060070334858	-0.2523695721891145   	0.9632429292996366   
1000.629336887862 	30                	17124.530000000002	16505.45439110207 	338.34560889793045	0.020087249248858956	0.020499018135503696	17135.307098416306	16544.507472471716	309.8929522000555 	2864.1470079018713	1693.8135041625562	-0.2601558067188129   	0.9929623412918218   
1030.6293368878619	30                	17124.530000000002	16504.152819576764	339.64718042323636	0.020164522282574975	0.020579498029147936	17649.042998416306	17039.63205705902 	320.0823676127526 	2862.90139929263  	1691.7137986068394	-0.2679414272380257   	1.0226794487795838   
1060.6293368878619	30                	17124.530000000002	16502.88015999704 	340.9198400029608 	0.0202400788422423  	0.020658202489366072	18162.7788984163  	17534.71846185893 	330.3099628128414 	2861.2852433000326	1689.6132315075188	-0.2757264474139552   	1.0523943031288805   
1090.6293368878619	30                	17124.530000000002	16501.635705748144	342.1642942518547 	0.020313960878890435	0.020735174400478732	18676.5147984163  	18029.76753303138 	340.574891640397  	2859.5131804644484	1687.5134740811104	-0.28351088052736495  	1.082106954183525    
1120.6293368878619	30                	17124.530000000002	16500.418708467558	343.381291532441  	0.020386212822073466	0.020810459273753294	19190.2506984163  	18524.780094285405	350.8763303863702 	2857.6204992070616	1685.411324041134 	-0.29129473954427776  	1.1118174506060838   
1150.6293368878619	30                	17124.530000000002	16499.228445242017	344.5715547579817 	0.020456877590447623	0.020884101090032962	19703.986598416297	19019.756947642665	361.2134770291097 	2855.6609322937206	1683.3036458417628	-0.2990780370540544   	1.1415258396454797   
1180.6293368878619	30                	17124.530000000002	16498.06426267932 	345.7357373206808 	0.02052599397527166 	0.02095613956982688 	20217.722498416297	19514.698875523045	371.58554914873014	2853.671855860611 	1681.1907634571296	-0.30686078538582506  	1.1712321675739668   
1210.6293368878619	30                	17124.530000000002	16496.925310164548	346.8746898354531 	0.020593612476724556	0.021026626678228758	20731.458398416296	20009.606634827982	381.99178984379375	2851.5708676343693	1679.0696215330322	-0.31464299643789373  	1.2009364790468735   
1240.6293368878619	30                	17124.530000000002	16495.81102166385 	347.9889783361517 	0.020659766699684855	0.021095596808131466	21245.194298416292	20504.4809654779  	392.4314591938783 	2849.071263376991 	1676.9462140556298	-0.3224246818219455   	1.2306388176438234   
1270.6293368878619	30                	17124.530000000002	16494.72081699058 	349.0791830094199 	0.02072449108926845 	0.021163085261185315	21758.930198416292	20999.322589987616	402.90383468416087	2846.4325753168005	1674.820921875095 	-0.33020585293145194  	1.260339226125467    
1300.6293368878619	30                	17124.530000000002	16493.654123545024	350.14587645497585	0.0207878196401629  	0.021229126901305365	22272.66609841629 	21494.13221369397 	413.40821097781014	2843.7661013658276	1672.6929472253826	-0.33798652083123304  	1.290037746018997    
1330.6293368878619	30                	17124.530000000002	16492.61032430902 	351.1896756909803 	0.02084978898413543 	0.021293759373757222	22786.40199841629 	21988.91052342324 	423.9439012485396 	2841.2269222782156	1670.5565496524491	-0.34576669634675505  	1.3197344178814885   
1360.6293368878619	30                	17124.530000000002	16491.58886846628 	352.2111315337184 	0.020910431822612385	0.021357016254945852	23300.137898416287	22483.658189477228	434.5102351945511 	2838.6592701514805	1668.4095332587556	-0.35354638998733606  	1.3494292813707023   
1390.6293368878619	30                	17124.530000000002	16490.589295102734	353.21070489726446	0.020969775519613418	0.021418925580916542	23813.873798416287	22978.37586833031 	445.10655634146906	2835.830188846574 	1666.2552395617088	-0.3613256120934059   	1.379122375079722    
1420.6293368878619	30                	17124.530000000002	16489.611165947957	354.18883405204406	0.02102784609482682 	0.021479514009612632	24327.609698416287	23473.06420330875 	455.73222136303036	2832.7942538598736	1664.0970829644561	-0.36910437277297564  	1.408813737016561    
1450.6293368878619	30                	17124.530000000002	16488.653949800846	355.1460501991529 	0.021084675085144264	0.021538813979623997	24841.345598416283	23967.723821802778	466.38660286900495	2829.7991710706056	1661.9300169515113	-0.37688268190569424  	1.4385034042603668   
1480.6293368878619	30                	17124.530000000002	16487.717125616928	356.0828743830727 	0.021140293424469103	0.021596857325373902	25355.081498416283	24462.355335571287	477.06908910049714	2826.924435398155 	1659.7485619581803	-0.38466054911041414  	1.4681914129114966   
1510.6293368878619	30                	16563.07          	15937.298239006212	345.0417609937883 	0.02119116545863729 	0.021649953199050113	25851.973598416283	24940.474282741474	487.42034193031077	2809.934136186584 	1668.1266243079165	-0.39217876332900786  	1.4969049221548898   
1540.6293368878619	30                	16563.07          	15936.406546393218	345.93345360678194	0.02124592986062089 	0.021707117762070068	26348.865698416284	25418.566479133267	497.7983455385142 	2802.8705563414214	1669.6769060193767	-0.3996965568935285   	1.5256168527920346   
1570.6293368878619	30                	16563.07          	15935.509970309597	346.83002969040314	0.02130099418697823 	0.021764601844346552	26845.757798416285	25896.631778242554	508.2032464292263 	2798.3054792562284	1669.153805605132 	-0.4072139274984747   	1.5543271959547784   
1600.6293368878619	30                	16563.07          	15934.623046080585	347.7169539194139 	0.021355465732776364	0.021821473461522602	27342.64989841629 	26374.670469624973	518.6347550468088 	2794.6870927497557	1667.7778063731357	-0.41473087972705797  	1.5830359689161002   
1630.6293368878619	30                	16563.07          	15933.75093971164 	348.58906028836117	0.02140902722141665 	0.021877401097036963	27839.54199841629 	26852.682997816326	529.0924268554596 	2791.3899532290425	1666.0061074920918	-0.4222474205536273   	1.6117431977795116   
1660.6293368878619	30                	16563.07          	15932.895695452342	349.444304547658  	0.021461553102788543	0.021932253322125145	28336.43409841629 	27330.669868679895	539.5757559918893 	2788.366014917788 	1664.03913652686  	-0.4297635579154046   	1.64044891254948     
1690.6293368878619	30                	16563.07          	15932.05804916688 	350.28195083311977	0.021512998182885247	0.021985982586313558	28833.326198416293	27808.631610154902	550.0842145168829 	2785.508304822525 	1661.9689268624074	-0.4372793001337065   	1.6691531441693859   
1720.6293368878619	30                	16563.07          	15931.238159988992	351.1018400110073 	0.021563352688311836	0.022038578325493434	29330.218298416294	28286.56875495457 	560.6172697172132 	2782.783337321475 	1659.8392481830979	-0.444794655582923    	1.6978559242844262   
1750.6293368878619	30                	16563.07          	15930.436009603698	351.90399039630114	0.02161261774390543 	0.02209004136384937 	29827.110398416295	28764.48183524268 	571.1743894291022 	2780.044647650104 	1657.6776342448518	-0.4523096326077996   	1.7265572842131276   
1780.6293368878619	30                	16563.07          	15929.651472654456	352.6885273455451 	0.021660801048592835	0.022140379401959034	30324.002498416296	29242.371379422315	581.7550452494685 	2777.1371973092523	1655.5018931524746	-0.45982423955765994  	1.7552572551475902   
1810.6293368878619	30                	16563.07          	15928.88424808109 	353.45575191890936	0.02170792109235585 	0.022189611426267297	30820.8945984163  	29720.237906864746	592.3587178070358 	2774.2795699779435	1653.31456388994  	-0.467338484570766    	1.7839558677031957   
1840.6293368878619	30                	16563.07          	15928.134011825394	354.2059881746068 	0.02175399777762943 	0.022237757913867156	31317.7866984163  	30198.08192721951 	602.984897452274  	2771.502638116534 	1651.1156472973478	-0.47485237567591065  	1.8126531520126727   
1870.6293368878619	30                	16563.07          	15927.400456583666	354.9395434163343 	0.02179904997784927 	0.022284838281291432	31814.678798416302	30675.90394091702 	613.633083754764  	2768.741742371267 	1648.9056750097272	-0.4823659207255049   	1.8413491375467765   
1900.6293368878619	30                	16563.07          	15926.683310387494	355.6566896125064 	0.021843094396291098	0.02233086969090072 	32311.570898416303	31153.704440228645	624.3027844431392 	2765.971494195378 	1646.6869252519095	-0.4898791274732563   	1.8700438534058186   
1930.6293368878619	30                	16563.07          	15925.982232632188	356.3577673678124 	0.02188615195161214 	0.02237587372398537 	32808.462998416304	31631.48390720761 	634.9935174641736 	2763.2733131768496	1644.4557640146077	-0.4973920035156422   	1.8987373280282078   
1960.6293368878619	30                	16563.07          	15925.296947896526	357.04305210347394	0.02192823955914653 	0.022419867790950898	33305.35509841631 	32109.242815644506	645.7048090272779 	2760.4855011176937	1642.2127529875097	-0.5049045562527932   	1.9274295894026665   
1990.6293368878619	30                	16563.07          	15924.627214381273	357.71278561872725	0.021969372069292697	0.022462867155576653	33802.247198416306	32586.981632075942	656.4361925958398 	2757.712841572583 	1639.9605308101643	-0.5124167930799811   	1.9561206649970482   
2020.6293368878619	30                	16563.07          	15923.97277988682 	358.3672201131797 	0.02200956497120068 	0.02250488776053577 	34299.13929841631 	33064.70081547255 	667.1872091992351 	2754.9918407277246	1637.7000449366703	-0.5199287211711955   	1.984810581951349    
2050.629336887862 	30                	16563.07          	15923.3319951402  	359.0080048597981 	0.022048919557004592	0.02254603527511499 	34796.03139841631 	33542.40077532675 	677.9574493450291 	2752.2218278856035	1635.4459760353166	-0.527440346964256    	2.013499364427243    
2080.629336887862 	30                	16563.07          	15922.704210266249	359.63578973375024	0.022087475739589656	0.022586351224302286	35292.92349841631 	34020.08190163474 	688.7465230370416 	2749.361042481624 	1633.1997415032135	-0.5349516766196379   	2.0421870354019      
2110.629336887862 	30                	16563.07          	15922.089164440269	360.25083555973066	0.0221252495378263  	0.022625852162937252	35789.81559841632 	34497.74457656795 	699.5540481038335 	2746.4591124788385	1630.9567744259882	-0.5424627161481127   	2.07087361750605     
2140.629336887862 	30                	16563.07          	15921.486645923516	360.85335407648375	0.022162253955910743	0.02266455150209704 	36286.707698416314	34975.38917594565 	710.3796487261279 	2743.486858133621 	1628.7152921803909	-0.5499734714389207   	2.0995591328425065   
2170.629336887862 	30                	16563.07          	15920.896443849837	361.4435561501618 	0.0221985019444479  	0.02270246260472259 	36783.59979841632 	35453.016069261146	721.2229554106327 	2740.553031905172 	1626.468775699253 	-0.5574839482985379   	2.128243603203456    
2200.629336887862 	30                	16563.07          	15920.318395332059	362.02160466794106	0.02223400350735466 	0.022739595759221007	37280.491898416316	35930.62562112111 	732.083603550671  	2737.5695048463253	1624.2160611275083	-0.5649941524782122   	2.156927050173814    
2230.629336887862 	30                	16563.07          	15919.752350414285	362.5876495857157 	0.02226876785435728 	0.022775960429829174	37777.38399841632 	36408.21819163354 	742.9612330382424 	2734.5040345689054	1621.9569917145589	-0.5725040896431229   	2.18560949501547     
2260.629336887862 	30                	16563.07          	15919.198132689713	363.141867310288  	0.022302805819697166	0.022811567786481933	38274.27609841632 	36885.79413561423 	753.8554890575512 	2731.485343535217 	1619.6889013982902	-0.580013765357198    	2.2142909586103103   
2290.629336887862 	30                	16563.07          	15918.65559920476 	363.68440079523907	0.02233612618304489 	0.022846426856135228	38771.16819841632 	37363.35380359037 	764.7660210814082 	2728.483366068536 	1617.4115842797084	-0.5875231851405789   	2.242971461604084    
2320.629336887862 	30                	16563.07          	15918.124651106364	364.21534889363664	0.02236873501558355 	0.022880543837701536	39268.06029841633 	37840.89754312357 	775.6924815482173 	2725.4724397807067	1615.1280817263148	-0.595032354437538    	2.271651024645011    
2350.629336887862 	30                	16563.07          	15917.605188409985	364.73481159001557	0.022400638457986725	0.022913925007738496	39764.952398416324	38318.42569877586 	786.6345258959178 	2722.414253667213 	1612.8409827914172	-0.6025412786923553   	2.3003296679505163   
2380.629336887862 	30                	16563.07          	15917.097087423925	365.24291257607615	0.022431844106932795	0.022946578171258003	40261.84449841633 	38795.93861139858 	797.5918132732    	2719.309027802516 	1610.550775126762 	-0.6100499632783168   	2.3290074116869914   
2410.629336887862 	30                	16563.07          	15916.600188112097	365.73981188790174	0.022462361791235275	0.02297851347432023 	40758.736598416326	39273.436617041945	808.5640076298372 	2716.2195565808415	1608.2548618570636	-0.6175584134385894   	2.357684275676087    
2440.629336887862 	30                	16563.07          	15916.114360319449	366.2256396805525 	0.022492199504527754	0.023009739147991523	41255.62869841633 	39750.92004785153 	819.5507768202536 	2713.1686867885915	1605.9529990901108	-0.6250666344181639   	2.3863602796026933   
2470.629336887862 	30                	16563.07          	15915.639420577654	366.70057942234536	0.022521368514743297	0.02304026685526883 	41752.52079841633 	40228.389230468856	830.551794202924  	2710.169439184695 	1603.6407874842962	-0.6325746313375948   	2.4150354425410687   
2500.629336887862 	30                	16563.07          	15915.17523118519 	367.16476881480816	0.022549877278991114	0.02307010532283443 	42249.41289841633 	40705.844487404414	841.5667372673682 	2707.1966184345133	1601.3172373619707	-0.6400824092957976   	2.4437097836996724   
2530.629336887862 	30                	16563.07          	15914.721686266386	367.6183137336123 	0.0225777322997562  	0.023099261236270856	42746.30499841634 	41183.28613799241 	852.5952866793766 	2704.225151080038 	1598.9837253619376	-0.6475899733117861   	2.4723833218434796   
2560.629336887862 	30                	16563.07          	15914.278670541316	368.061329458683  	0.022604940657097384	0.02312774189005474 	43243.197098416334	41660.71449810864 	863.6371265631371 	2701.2546313574735	1596.64076245066  	-0.6550973283192761   	2.5010560757045512   
2590.629336887862 	30                	16563.07          	15913.8460890134  	368.4939109866003 	0.022631508185346844	0.02315555327891484 	43740.08919841634 	42138.129880779044	874.6919438927351 	2698.2759316212587	1594.2901324971588	-0.6626044792739872   	2.5297280636667003   
2620.629336887862 	30                	16563.07          	15913.423858352822	368.9161416471773 	0.022657440002307856	0.02318270065140861 	44236.981298416336	42615.53259652963 	885.7594281421506 	2695.168282822325 	1591.934564976111 	-0.670111431045546    	2.5583993040778505   
2650.629336887862 	30                	16563.07          	15913.011848724434	369.3281512755652 	0.022682744081966424	0.02320919225012517 	44733.87339841634 	43092.92295199136 	896.8392726804175 	2692.019222081761 	1589.5729239298091	-0.6776181884481909   	2.5870698150062377   
2680.629336887862 	30                	16563.07          	15912.609911681451	369.73008831854855	0.02270742954136497 	0.0232350375187121  	45230.76549841634 	43570.3012493418  	907.9311753299739 	2688.859015977933 	1587.2025539041322	-0.6851247562492214   	2.615739614343936    
2710.629336887862 	30                	16563.07          	15912.21792798264 	370.1220720173607 	0.022731503703850964	0.02326024402710559 	45727.65759841634 	44047.66778718128 	919.0348374904947 	2685.6752981512286	1584.8231221041776	-0.6926311391283648   	2.644408719654352    
2740.629336887862 	30                	16563.07          	15911.835878150834	370.50412184916604	0.02275496776563848 	0.023284812933366147	46224.54969841635 	44525.02286352581 	930.1499611459697 	2682.4298040100516	1582.4417861236207	-0.700137341792433    	2.673077148602545    
2770.629336887862 	30                	16563.07          	15911.463648051635	370.87635194836406	0.022777828736432484	0.023308751485836943	46721.441798416345	45002.366772967354	941.2762517044207 	2679.175352986597 	1580.0583226835363	-0.707643368863597    	2.701744918464103    
2800.629336887862 	30                	16563.07          	15911.101065488527	371.2389345114726 	0.022800097191894568	0.02333207067087876 	47218.33389841635 	45479.699804932   	952.4134197397649 	2675.950537049752 	1577.6677271174233	-0.7151492248843255   	2.7304120464308994   
2830.629336887862 	30                	16563.07          	15910.747943490911	371.5920565090898 	0.022821784615054703	0.0233547824293897  	47715.22599841635 	45957.02224323674 	963.5611814350375 	2672.7754890845176	1575.2641403180353	-0.7226549143089047   	2.7590785492202428   
2860.629336887862 	30                	16563.07          	15910.40331186179 	371.9366881382097 	0.022842950591758292	0.023376949084685822	48212.11809841635 	46434.33434259259 	974.7192820791838 	2669.6491356510182	1572.8142241154003	-0.7301604411878196   	2.787744441818528    
2890.629336887862 	30                	16563.07          	15910.067318180358	372.2726818196426 	0.02286358605824732 	0.023398561072978517	48709.010198416356	46911.636362138   	985.8874625337731 	2666.5206415344614	1570.3398974881097	-0.7376658095414678   	2.81640973960186     
2920.629336887862 	30                	16563.07          	15909.739899759352	372.60010024064957	0.022883694864537254	0.023419622356383427	49205.90229841635 	47388.92855913078 	997.0654655409927 	2663.348072817099 	1567.8453233723303	-0.7451710234499268   	2.8450744576676983   
2950.629336887862 	30                	16563.07          	15909.4209774842  	372.9190225158005 	0.02290328186954704 	0.0234401379562194  	49702.79439841636 	47866.21118845531 	1008.2530362164667	2660.1682535975315	1565.3323944603285	-0.7526760869096016   	2.8737386110866874   
2980.629336887862 	30                	16563.07          	15909.110514147422	373.2294858525772 	0.02292234935842006 	0.023460110200421144	50199.686498416355	48343.48450387973 	1019.449920792044 	2656.9648529579367	1562.806199096153 	-0.7601810039146729   	2.9024022147775175   
3010.629336887862 	30                	16001.61          	15360.253669623811	360.62633037619065	0.02293932212294672 	0.023477888981049803	50679.73479841636 	48804.29211396844 	1030.2687107033298	2639.882684556115 	1570.779413750095 	-0.7674270044494179   	2.9300940834813147   
3040.629336887862 	30                	16001.61          	15359.933101845516	360.94689815448464	0.02295971333376278 	0.023499249362688723	51159.78309841635 	49265.0901070238  	1041.0971176479643	2632.9737873632434	1571.9149676825232	-0.7746728541074863   	2.9577853858605434   
3070.629336887862 	30                	16001.61          	15359.581384723313	361.2986152766882 	0.02298208594408762 	0.023522686343264338	51639.83139841635 	49725.877548565506	1051.9360761062649	2628.3421347200847	1570.9881221670366	-0.7819185375165822   	2.985476064221693    
3100.629336887862 	30                	16001.61          	15359.239739787381	361.6402602126202 	0.02300381786596044 	0.023545453182543162	52119.87969841634 	50186.65474075913 	1062.7852839126435	2624.5469064846047	1569.2319992520463	-0.7891640597498902   	3.0131661377484584   
3130.629336887862 	30                	16001.61          	15358.91235573567 	361.9676442643291 	0.023024642657683867	0.023567270642647752	52599.927998416344	50647.422111431195	1073.6443132405734	2621.116690854547 	1567.099431344667 	-0.7964094278829822   	3.040855632996051    
3160.629336887862 	30                	16001.61          	15358.576470492211	362.3035295077895 	0.0230460082074152  	0.023589655604076856	53079.97629841634 	51108.17940554596 	1084.5134191258073	2617.8244395889715	1564.785744747988 	-0.8036546372469326   	3.068544532297996    
3190.629336887862 	30                	16001.61          	15358.265766932773	362.6142330672282 	0.02306577195851811 	0.023610363212229174	53560.024598416334	51568.92737855395 	1095.3918461178241	2614.618631000181 	1562.3807805609626	-0.8108997003819113   	3.0962328827185956   
3220.629336887862 	30                	16001.61          	15357.956283857597	362.92371614240403	0.023085458075018956	0.02363099031111744 	54040.072898416336	52029.66606706968 	1106.279557602096 	2611.425918603493 	1559.931429242087 	-0.8181446174909968   	3.1239206852354346   
3250.629336887862 	30                	16001.61          	15357.656280997378	363.2237190026228 	0.023104541158168165	0.02365098634562186 	54520.12119841633 	52490.3957554996  	1117.176269172175 	2608.2368245070984	1557.4597425396241	-0.8253893930971494   	3.1516079566081485   
3280.629336887862 	30                	16001.61          	15357.365693243608	363.51430675639324	0.023123025349496545	0.023670355581642457	55000.169498416326	52951.11672629691 	1128.0816983748668	2605.0389218881855	1554.975355651801 	-0.8326340316285641   	3.1792947135279257   
3310.629336887862 	30                	16001.61          	15357.077618794909	363.8023812050936 	0.023141349670317026	0.02368955801589819 	55480.21779841632 	53411.829054860755	1138.9957698110195	2601.844881720718 	1552.4786682015986	-0.8398785339729554   	3.206980959326434    
3340.629336887862 	30                	16001.61          	15356.805704613476	364.0742953865242 	0.023158646041857973	0.023707683901812302	55960.26609841632 	53872.53322599916 	1149.9179986726153	2598.6804848700194	1549.967639104686 	-0.8471229080664878   	3.234666723788761    
3370.629336887862 	30                	16001.61          	15356.542670420147	364.3373295798553 	0.023175377560280038	0.023725218455690797	56440.31439841632 	54333.22950611176 	1160.848118560011 	2595.552404810267 	1547.442085393479 	-0.8543671580876131   	3.2623520225969855   
3400.629336887862 	30                	16001.61          	15356.29440073494 	364.58559926506047	0.023191169913202088	0.02374176931953139 	56920.36269841631 	54793.918338133815	1171.7856865379629	2592.4292532556697	1544.9064905300806	-0.8616112912479085   	3.290036882744953    
3430.629336887862 	30                	16001.61          	15356.048315293418	364.8316847065841 	0.023206823327102815	0.023758175099204422	57400.410998416315	55254.59978759261 	1182.7306370791605	2589.2868605160993	1542.362102925144 	-0.8688553083036159   	3.3177213072863174   
3460.629336887862 	30                	16001.61          	15355.810681018564	365.0693189814374 	0.023221939165074562	0.023774017963942625	57880.45929841631 	55715.274108023164	1193.6827166486034	2586.1366086821295	1539.8091078227746	-0.8760992132635878   	3.345405311051222    
3490.629336887862 	30                	16001.61          	15355.575914535582	365.3040854644181 	0.02323687258374964 	0.023789670117069422	58360.507598416305	56175.941385459235	1204.641839212536 	2583.0016407819135	1537.2437306226066	-0.8833430072763981   	3.3730888983503626   
3520.629336887862 	30                	16001.61          	15355.354932568529	365.5250674314716 	0.023250929173905758	0.02380440367784643 	58840.5558984163  	56636.60203343629 	1215.6075912354802	2579.8456550627675	1534.6651939981675	-0.890586697029408    	3.400772094497376    
3550.629336887862 	30                	16001.61          	15355.146864044746	365.733135955254  	0.02326416434418773 	0.023818276646486933	59320.6041984163  	57097.25643935763 	1226.5795853141378	2576.6850618747926	1532.0733862324767	-0.8978302888439387   	3.4284549230012957   
3580.629336887862 	30                	16001.61          	15354.94128659723 	365.9387134027713 	0.023277241057928773	0.023831983891868472	59800.6524984163  	57557.90467795554 	1237.5577467162211	2573.517953049369 	1529.4713039625958	-0.9050737836906074   	3.456137387504928    
3610.629336887862 	30                	16001.61          	15354.743458699219	366.13654130078214	0.023289824825377593	0.023845174768670443	60280.70079841629 	58018.54698171652 	1248.5418429552444	2570.332602526926 	1526.8657752071204	-0.9123171851946956   	3.483819501829672    
3640.629336887862 	30                	16001.61          	15354.553322623773	366.3266773762279 	0.02330191931852593 	0.023857853086255088	60760.749098416294	58479.183581395235	1259.5316432765312	2567.094526996662 	1524.2637139691144	-0.9195604970248804   	3.51150127945716     
3670.629336887862 	30                	16001.61          	15354.366518078263	366.5134819217385 	0.02331380189415214 	0.023870309562443022	61240.79739841629 	58939.81457693758 	1270.5270477341835	2563.8343610681977	1521.6601882056123	-0.9268037205576404   	3.539182725768845    
3700.629336887862 	30                	16001.61          	15354.195416304314	366.68458369568776	0.02332468562165017 	0.023881719214431302	61720.845698416284	59400.440439426704	1281.5275852450543	2560.5690735694807	1519.0488122889471	-0.93404686352395     	3.5668638697797204   
3730.629336887862 	30                	16001.61          	15354.027122864938	366.8528771350625 	0.023335390711910688	0.023892941845123607	62200.89399841628 	59861.06125311265 	1292.533171559106 	2557.3236616167787	1516.424396858504 	-0.9412899271147858   	3.59454471581601     
3760.629336887862 	30                	16001.61          	15353.865728644572	367.0142713554277 	0.023345656945121883	0.023903704633206235	62680.94229841628 	60321.67722497199 	1303.543599699769 	2554.1072121798406	1513.7836002914587	-0.9485329145821626   	3.6222252760827978   
3790.629336887862 	30                	16001.61          	15353.711125185459	367.16887481454177	0.02335549122024605 	0.023914014782540512	63160.990598416276	60782.288558727545	1314.5586659442051	2550.91033386535  	1511.1286174375982	-0.9557758290967128   	3.6499055626951455   
3820.629336887862 	30                	16001.61          	15353.563251140375	367.31674885962565	0.02336489743955972 	0.02392387635699768 	63641.03889841627 	61242.89545626176 	1325.5781684099939	2547.7114708746744	1508.4653270923038	-0.963018673870386    	3.67758558742055     
3850.629336887862 	30                	16001.61          	15353.42197268397 	367.45802731603044	0.023373884115649408	0.02393329825558062 	64121.08719841627 	61703.498115442286	1336.6019092294748	2544.5117738204453	1505.7932423809048	-0.9702614519809242   	3.705265362097252    
3880.629336887862 	30                	16001.61          	15353.287212109874	367.59278789012666	0.023382456191391742	0.023942285636406817	64601.13549841627 	62164.09673180558 	1347.6296928661786	2541.2891455698445	1503.1164278048775	-0.9775041665379978   	3.7329448981088857   
3910.629336887862 	30                	16001.61          	15353.15881641655 	367.72118358345125	0.02339062339916412 	0.02395084868074581 	65081.18379841626 	62624.69149629807 	1358.6613283736822	2538.01725001111  	1500.4324829053453	-0.9847468205060629   	3.7606242068685214   
3940.629336887862 	30                	16001.61          	15353.036608544142	367.8433914558586 	0.023398397001685563	0.02395899917617271 	65561.23209841627 	63085.2825945544  	1369.696630117358 	2534.7289526333457	1497.7368514540028	-0.9919894168436106   	3.7883032991924046   
3970.629336887862 	30                	16001.61          	15352.920468341817	367.9595316581841 	0.023405784641711155	0.023966745116470036	66041.28039841626 	63545.870208604654	1380.7354160671034	2531.445563625147 	1495.0296955159245	-0.9992319583827732   	3.8159821859251775   
4000.629336887862 	30                	16001.61          	15352.81036729126 	368.0696327087408 	0.023412788133281393	0.023974088385335823	66521.32869841626 	64006.45451962339 	1391.7775050483656	2528.1317940276326	1492.3186274336942	-1.0064744479775787   	3.8436608777782464   
4030.629336887862 	30                	16001.61          	15352.706186547135	368.17381345286486	0.023419415036108976	0.023981036892080858	67001.37699841625 	64467.03570521981 	1402.8227194519516	2524.8077977206517	1489.603404095811 	-1.0137168884329748   	3.871339385135203    
4060.629336887862 	30                	16001.61          	15352.607754283223	368.27224571677715	0.02342567628000323 	0.023987602081088334	67481.42529841626 	64927.6139378483  	1413.8708868234548	2521.4840311706844	1486.8792470693686	-1.020959282455286    	3.899017718224917    
4090.629336887862 	30                	16001.61          	15352.511491132973	368.3685088670295 	0.023431799547291847	0.023994022676992306	67961.47359841625 	65388.18928258229 	1424.9219420894656	2518.16910430447  	1484.1549399377102	-1.0282016310599207   	3.926695880858298    
4120.629336887861 	30                	16001.61          	15352.416880026622	368.4631199733804 	0.023437817728611907	0.024000333162705355	68441.52189841625 	65848.76178898309 	1435.975835688667 	2514.842301333867 	1481.431776510884 	-1.0354439350420355   	3.9543738759478315   
4150.629336887861 	30                	16001.61          	15352.323816363818	368.5561836361832 	0.02344373747755744 	0.02400654051104267 	68921.57019841624 	66309.33150347401 	1447.0325211977527	2511.512154224649 	1478.7084288584194	-1.0426861951176178   	3.982051706324289    
4180.629336887861 	30                	16001.61          	15352.232223952542	368.6477760474602 	0.023449563640677882	0.024012649800352562	69401.61849841624 	66769.89847019258 	1458.0919544791764	2508.191660662571 	1475.9777701922812	-1.0499284119780572   	4.009729374582508    
4210.629336887861 	30                	16001.61          	15352.14214374755 	368.73785625245137	0.023455293612854453	0.02401865829535892 	69881.66679841625 	67230.46273450501 	1469.15409016675  	2504.880663250942 	1473.2354847878696	-1.05717058635738     	4.037406883333748    
4240.629336887861 	30                	16001.61          	15352.053616045296	368.8263839547055 	0.02346092483084315 	0.024024563304626833	70361.71509841624 	67691.02434298638 	1480.2188816853911	2501.5671887780827	1470.4816639533726	-1.064412718974478    	4.065084235276067    
4270.629336887861 	30                	16001.61          	15351.966662887253	368.91333711274655	0.023466455892592945	0.024030363354330318	70841.76339841624 	68151.583342873   	1491.2862817987734	2498.253658038323 	1467.7151679775413	-1.071654810560894    	4.092761433370418    
4300.629336887861 	30                	16001.61          	15351.87974751837 	369.0002524816308 	0.023471984550586914	0.024036160949038158	71321.81169841623 	68612.13973529855 	1502.3562893732224	2494.943249343996 	1464.9346746652423	-1.0788968611000533   	4.120438477267379    
4330.629336887861 	30                	16001.61          	15351.797620361713	369.0823796382882 	0.023477208631977865	0.02404163921160342 	71801.85999841623 	69072.69366390939 	1513.428760762371 	2491.6204122662475	1462.142847517986 	-1.0861388729384431   	4.148115376060731    
4360.629336887861 	30                	16001.61          	15351.71566332562 	369.1643366743819 	0.02348242189205578 	0.0240471061847696  	72281.90829841622 	69533.24513380916 	1524.5036908626023	2488.2690373613927	1459.3474433362069	-1.0933808461354424   	4.1757921296861085   
4390.629336887861 	30                	16001.61          	15351.635471805615	369.2445281943863 	0.02348752284823663 	0.024052455445058636	72761.95659841622 	69993.79419796333 	1535.581026708434 	2484.8964452300806	1456.547046062722 	-1.1006227814939402   	4.203468741372236    
4420.629336887861 	30                	16001.61          	15351.555680926465	369.3243190735363 	0.02349259831978466 	0.024057778035642546	73242.00489841623 	70454.34086839113 	1546.6607562806398	2481.5249914584847	1453.737874684273 	-1.1078646791482296   	4.231145211623125    
4450.629336887861 	30                	16001.61          	15351.478999866618	369.401000133383  	0.023497475976750854	0.02406289323241054 	73722.05319841622 	70914.88523838713 	1557.7427862846414	2478.166753620273 	1450.9146150004308	-1.1151065406536498   	4.2588215460606795   
4480.629336887861 	30                	16001.61          	15351.405305766566	369.4746942334348 	0.023502163634188084	0.0240678092249083  	74202.10149841622 	71375.42739756012 	1568.8270271116444	2474.799138620255 	1448.0817242605863	-1.1223483674184938   	4.286497750257562    
4510.629336887861 	30                	15440.150000000001	14803.087602340525	356.33239765947354	0.023505674864834774	0.024071491517967752	74665.30599841621 	71819.52002563034 	1579.5169990414286	2457.776661754159 	1455.7339003812554	-1.1293315323088253   	4.313203174771343    
4540.629336887861 	30                	15440.150000000001	14802.967186572598	356.4528134274033 	0.023513618161341482	0.02407982189886449 	75128.51049841622 	72263.60904122752 	1590.2105834442507	2451.0124625855947	1456.5250754040146	-1.1363146403676572   	4.3399083859917615   
4570.629336887861 	30                	15440.150000000001	14802.830084721218	356.58991527878385	0.02352266216509496 	0.024089306790519682	75591.71499841621 	72707.69394376916 	1600.9082809026143	2446.434852667702 	1455.2527133358699	-1.1432976837588007   	4.366613354508947    
4600.629336887861 	30                	15440.150000000001	14802.692334034788	356.72766596521274	0.023531748969631606	0.024098836746408215	76054.91949841622 	73151.77471379019 	1611.6101108815708	2442.5947842511455	1453.1715168886697	-1.1502806623011692   	4.393318079643266    
4630.629336887861 	30                	15440.150000000001	14802.549013789028	356.87098621097124	0.02354120317340447 	0.024108752207375565	76518.12399841621 	73595.85118420386 	1622.3162404679   	2439.06883933533  	1450.7321804878693	-1.1572635731041498   	4.420022550546006    
4660.629336887861 	30                	15440.150000000001	14802.41454934393 	357.0054506560707 	0.023550073199111225	0.024118055163635032	76981.32849841622 	74039.92362068417 	1633.0264039875822	2435.6874496324663	1448.1236407116849	-1.1642464206192937   	4.446726783852406    
4690.629336887861 	30                	15440.150000000001	14802.280573013466	357.13942698653466	0.023558911026050774	0.024127324517658956	77444.53299841621 	74483.99203787457 	1643.740586797178 	2432.3693753255075	1445.4352570348267	-1.1712292048971757   	4.473430779967692    
4720.629336887861 	30                	15440.150000000001	14802.14775544526 	357.27224455473964	0.023567672414560696	0.02413651386659818 	77907.73749841622 	74928.05647053794 	1654.4587541338203	2429.0868039804   	1442.7017799177256	-1.1782119264498268   	4.500134540526338    
4750.629336887861 	30                	15440.150000000001	14802.021659755905	357.3983402440957 	0.023575990390403836	0.02414523829645507 	78370.94199841621 	75372.1171203306  	1665.1807043411432	2425.821487666568 	1439.937729966218 	-1.1851945885040032   	4.526838077854048    
4780.629336887861 	30                	15440.150000000001	14801.901933947043	357.5180660529567 	0.02358388817335734 	0.024153522138463574	78834.14649841622 	75816.17417834901 	1675.906246322732 	2422.5579789547282	1437.1544964132497	-1.192177194180089    	4.553541403590075    
4810.629336887861 	30                	15440.150000000001	14801.783386081364	357.63661391863496	0.02359170825260036 	0.024161724610490733	79297.35099841621 	76260.22767993146 	1686.635344740291 	2419.291138366412 	1434.356103351481 	-1.1991597439245947   	4.580244519482018    
4840.629336887861 	30                	15440.150000000001	14801.668608823979	357.75139117602305	0.02359927960146384 	0.024169666314698496	79760.55549841622 	76704.27773819618 	1697.3678864755716	2416.010925682143 	1431.5473811880433	-1.206142239538204    	4.6069474321443815   
4870.629336887861 	30                	15440.150000000001	14801.557528109264	357.8624718907356 	0.023606607105729347	0.02417735236383928 	80223.75999841621 	77148.32446403946 	1708.1037606322939	2412.712086617945 	1428.7312025678889	-1.2131246827408249   	4.63365014810393     
4900.629336887861 	30                	15440.150000000001	14801.447957019329	357.97204298067055	0.02361383502671412 	0.024184934069974455	80686.96449841622 	77592.36790275005 	1718.842921921714 	2409.404301203583 	1425.9068512779509	-1.2201070741884745   	4.660352669750946    
4930.629336887861 	30                	15440.150000000001	14801.34606188278 	358.0739381172208 	0.02362055659894777 	0.024191984743830292	81150.16899841622 	78036.40828460653 	1729.5851400652307	2406.0891453844115	1423.0738327515064	-1.2270894176363818   	4.687055011394531    
4960.629336887861 	30                	15440.150000000001	14801.245430007244	358.1745699927567 	0.023627194839430314	0.024198948101124853	81613.37349841621 	78480.44564750674 	1740.3303771650135	2402.763384220997 	1420.2339041913447	-1.2340717136182922   	4.713757174750656    
4990.629336887861 	30                	15440.150000000001	14801.148114979418	358.2718850205819 	0.02363361428211514 	0.024205682034760187	82076.57799841622 	78924.48009095612 	1751.0785337156308	2399.4291237949014	1417.3896761267347	-1.2410539636935782   	4.740459165887193    
5020.629336887861 	30                	15440.150000000001	14801.053965572957	358.3660344270427 	0.02363982490273656 	0.024212197000335046	82539.78249841621 	79368.51170992332 	1761.8295147484423	2396.094181813455 	1414.5367092079987	-1.2480361693539475   	4.767160990330838    
5050.629336887861 	30                	15440.150000000001	14800.962817649295	358.4571823507043 	0.023645837528790962	0.0242185043477891  	83002.98699841622 	79812.5405944528  	1772.5832302189633	2392.7665048615327	1411.669467034752 	-1.2550183319968968   	4.793862653398319    
5080.629336887861 	30                	15440.150000000001	14800.87456630766 	358.54543369233994	0.023651659080119156	0.024224611328611877	83466.19149841621 	80256.56683144203 	1783.3395932297335	2389.434363264908 	1408.7880020927362	-1.2620004530362425   	4.820564160252197    
5110.629336887861 	30                	15440.150000000001	14800.789095204653	358.63090479534725	0.023657297231381363	0.024230525986721953	83929.39599841622 	80700.59050429816 	1794.0985203735938	2386.097084863422 	1405.8913632756557	-1.2689825337424951   	4.847265515732611    
5140.629336887861 	30                	15440.150000000001	14800.706315960446	358.71368403955415	0.02366275781260458 	0.024236254431501875	84392.60049841621 	81144.61169377698 	1804.8599308947805	2382.7462456442404	1402.9811346799074	-1.275964575411968    	4.873966724632926    
5170.629336887861 	30                	15440.150000000001	14800.624774600868	358.79522539913205	0.023668136736044787	0.024241897275502532	84855.80499841622 	81588.63043701502 	1815.6237876567545	2379.388860701693 	1400.0571921116912	-1.2829465785447087   	4.900667789045276    
5200.629336887861 	30                	15440.150000000001	14800.547160889431	358.8728391105689 	0.02367325656987991 	0.02424726837524584 	85319.00949841621 	82032.6468518417  	1826.3899728300717	2376.032739815146 	1397.121097112725 	-1.2899285450697997   	4.927368715994256    
5230.629336887861 	30                	15440.150000000001	14800.473255068144	358.9467449318572 	0.02367813181057436 	0.024252382930318978	85782.21399841622 	82476.66104949373 	1837.1583751780272	2372.6533131472306	1394.180156990614 	-1.296910476790191    	4.954069512318292    
5260.629336887861 	30                	15440.150000000001	14800.400443967723	359.01955603227765	0.023682934837366974	0.024257421776625317	86245.41849841621 	82920.67306281276 	1847.9289618589955	2369.254713687196 	1391.23995293922  	-1.3038923741620239   	4.980770179657517    
5290.629336887861 	30                	15440.150000000001	14800.328785041505	359.0912149584945 	0.023687661860314874	0.024262380935849426	86708.62299841622 	83364.68292636401 	1858.7016983077503	2365.844215442411 	1388.2947834103504	-1.3108742376744154   	5.007470720063041    
5320.629336887861 	30                	15440.150000000001	14800.26040477935 	359.1595952206499 	0.023692172604271793	0.02426711323975549 	87171.82749841621 	83808.69073850739 	1869.4764861643698	2362.4304782502354	1385.3379290219914	-1.317856068941352    	5.034171139376872    
5350.629336887861 	30                	15440.150000000001	14800.194904193555	359.22509580644515	0.02369649338869463 	0.024271646294648504	87635.03199841622 	84252.69658563321 	1880.2532390385632	2359.010755929791 	1382.3666501046766	-1.3248378693478138   	5.060871442868768    
5380.629336887861 	30                	15440.150000000001	14800.129224043052	359.2907759569482 	0.023700826018208363	0.024276191816844036	88098.23649841621 	84696.70046235449 	1891.0319623172716	2355.593075094943 	1379.3799727812334	-1.331819638733341    	5.087571629936505    
5410.629336887861 	30                	15440.150000000001	14800.06711019197 	359.3528898080291 	0.023704923394696438	0.02428049056348961 	88561.44099841622 	85140.70247566025 	1901.8125490115124	2352.1739777795906	1376.3775274496988	-1.3388013788578796   	5.114271707185311    
5440.629336887861 	30                	15440.150000000001	14800.005644670735	359.4143553292648 	0.023708978003727375	0.024284744476343132	89024.64549841621 	85584.70264500036 	1912.5949796713903	2348.7426163830482	1373.3628746086106	-1.3457830899787548   	5.140971675580945    
5470.629336887861 	30                	15440.150000000001	14799.945748258024	359.4742517419775 	0.023712929105597542	0.02428888982814604 	89487.84999841622 	86028.70101744811 	1923.3792072236497	2345.2832271876446	1370.3444584296676	-1.352764772862654    	5.167671537929044    
5500.629336887861 	30                	15440.150000000001	14799.887337160766	359.53266283923296	0.023716782227765507	0.024292932415538662	89951.05449841621 	86472.69763756293 	1934.1651871088266	2341.8034043164953	1367.3291247481645	-1.3597464281707727   	5.1943712969265485   
5530.629336887861 	30                	15440.150000000001	14799.829426795059	359.59057320494065	0.023720602318884274	0.024296940379184555	90414.25899841622 	86916.69252036679 	1944.9529043049747	2338.314231450496 	1364.307176117635 	-1.366728056133117    	5.221070953221274    
5560.629336887861 	30                	15440.150000000001	14799.773275039784	359.6467249602171 	0.02372430640223815 	0.024300826659741537	90877.46349841621 	87360.68571861797 	1955.7423060537812	2334.821720076592 	1361.2723021922284	-1.3737096576251415   	5.247770510170678    
5590.629336887861 	30                	15440.150000000001	14799.717905740115	359.7020942598858 	0.02372795887045057 	0.024304658815177436	91340.66799841622 	87804.67725579017 	1966.5333688815779	2331.3297350288203	1358.2199424805176	-1.3806912329811545   	5.274469969029448    
5620.629336887861 	30                	15440.150000000001	14799.663770304536	359.7562296954643 	0.023731529946097167	0.024308405601572766	91803.87249841621 	88248.66716889931 	1977.3260557724418	2327.841981711982 	1355.1490168026667	-1.3876727828328212   	5.3011693321682785   
5650.629336887861 	30                	15440.150000000001	14799.608758180084	359.8112418199171 	0.02373515885303772 	0.024312213092865794	92267.07699841622 	88692.65543164471 	1988.1203930270394	2324.3557021055735	1352.0604574396516	-1.3946543067152182   	5.32786859784227     
5680.629336887861 	30                	15440.150000000001	14799.555327949054	359.86467205094687	0.02373868340945411 	0.024315911125474165	92730.28149841621 	89136.64209148317 	1998.9163331885677	2320.8716116948553	1348.9582692678823	-1.40163580540237     	5.354567768956404    
5710.629336887861 	30                	15440.150000000001	14799.501435604787	359.9185643952129 	0.02374223844944021 	0.024319641169081363	93193.48599841622 	89580.62713455132 	2009.7138901204241	2317.3767972558903	1345.8490881570565	-1.408617278686437    	5.381266844658836    
5740.629336887861 	30                	15440.150000000001	14799.446910665412	359.9730893345876 	0.02374583521893236 	0.02432341502405528 	93656.69049841621 	90024.61054187128 	2020.5130828004617	2313.8728574267184	1342.7305050508485	-1.4155987262043326   	5.407965823802282    
5770.629336887861 	30                	15440.150000000001	14799.392723764668	360.0272762353327 	0.023749409689508748	0.02432716550978512 	94119.89499841622 	90468.59232358422 	2031.3139010875216	2310.3683829262295	1339.6009096624364	-1.4225801481692102   	5.434664706971317    
5800.629336887861 	30                	15440.150000000001	14799.338636369406	360.08136363059305	0.023752977596147678	0.024330909135742887	94583.09949841621 	90912.5724826753  	2042.1163419964394	2306.8648263326672	1336.4572526286324	-1.4295615446381833   	5.461363494452091    
5830.629336887861 	30                	15440.150000000001	14799.283129628444	360.136870371557  	0.023756639130755465	0.02433475102929521 	95046.30399841622 	91356.55097656415 	2052.920448107586 	2303.36184699343  	1333.2981501399856	-1.4365429149305229   	5.488062183689773    
5860.629336887861 	30                	15440.150000000001	14799.22592096677 	360.19407903322906	0.023760412933557424	0.02433871075127821 	95509.50849841621 	91800.52775419316 	2063.726270478583 	2299.847304501193 	1330.1278847016288	-1.443524258203312    	5.514760771520828    
5890.629336887861 	30                	15440.150000000001	14799.16903130072 	360.250968699281  	0.02376416569362686 	0.024342648424201287	95972.71299841622 	92244.50282513218 	2074.533799539561 	2296.3133731207513	1326.9543303668406	-1.4505055746587756   	5.541459258704222    
5920.629336887861 	30                	15440.150000000001	14799.109251388063	360.3107486119382 	0.023768109110502787	0.024346786180941486	96435.91749841621 	92688.47610267381 	2085.3431219979198	2292.7700533313177	1323.7729843367097	-1.4574868629058655   	5.568157639947428    
5950.629336887861 	30                	15440.150000000001	14799.048401382523	360.3715986174773 	0.023772123116681067	0.024350998040104488	96899.12199841622 	93132.4475547153  	2096.154269956444 	2289.221393867449 	1320.5766454055727	-1.4644681224260474   	5.594855913519759    
5980.629336887861 	30                	15440.150000000001	14798.986451676674	360.4335483233257 	0.023776209665232948	0.02435528605288302 	97362.32649841621 	93576.41714826558 	2106.967276406144 	2285.660611183573 	1317.3730602940448	-1.4714493527603216   	5.621554077483139    
6010.629336887861 	30                	14878.69          	14250.825184001156	347.13481599884426	0.023779679900400072	0.02435892739660851 	97808.68719841621 	94003.94190378561 	2117.381320886109 	2268.6123221559233	1324.6394968987297	-1.4781719950141257   	5.64728173871862     
6040.629336887861 	30                	14878.69          	14250.715778607637	347.24422139236344	0.023787174467690242	0.024366791590470612	98255.04789841622 	94431.46337714384 	2127.79864752788  	2261.8299838243956	1325.030771600135 	-1.4848945857419873   	5.673009206716545    
6070.629336887861 	30                	14878.69          	14250.577514458155	347.3824855418465 	0.023796645938326075	0.024376730359833065	98701.40859841622 	94858.9807025776  	2138.220122094135 	2257.1765721410093	1323.3678487160928	-1.4916171112689682   	5.698736429866512    
6100.629336887861 	30                	14878.69          	14250.42488350988 	347.5351164901206 	0.0238071015737898  	0.02438770207422213 	99147.76929841623 	95286.49344908287 	2148.6461755888386	2253.237336921705 	1320.9083641966001	-1.4983395647839512   	5.724463382821245    
6130.629336887861 	30                	14878.69          	14250.257897846821	347.7021021531798 	0.023818540546294124	0.024399705931337334	99594.12999841623 	95714.00118601829 	2159.077238653434 	2249.5837501031097	1318.1017099441324	-1.505061939387095    	5.7501900396850605   
6160.629336887861 	30                	14878.69          	14250.084909963254	347.87509003674677	0.023830390687243064	0.0244121415580845  	100040.49069841624	96141.50373331718 	2169.513491354536 	2246.053446775205 	1315.1302896426798	-1.5117842323794934   	5.77591639018513     
6190.629336887861 	30                	14878.69          	14249.903053805934	348.0569461940684 	0.02384284832908628 	0.024425215026365226	100486.85139841624	96569.00082493135 	2179.9551997403582	2242.5731474256827	1312.0739516304434	-1.518506439570286    	5.801642418664611    
6220.629336887861 	30                	14878.69          	14249.716530476748	348.24346952325305	0.02385562568490755 	0.02443862435989118 	100933.21209841623	96996.49232084565 	2190.4025038260556	2239.102207673831 	1308.9734032149256	-1.5252285589311765   	5.827368117511133    
6250.629336887861 	30                	14878.69          	14249.51282921613 	348.44717078387157	0.023869579775795492	0.024453269031727294	101379.57279841624	97423.97770572214 	2200.855918949572 	2235.6300397433274	1305.8460554270941	-1.5319505820375579   	5.853093455106447    
6280.629336887861 	30                	14878.69          	14249.304195705256	348.655804294745  	0.023883871739252948	0.024468268731313206	101825.93349841624	97851.45683159328 	2211.3155930784146	2232.1562813980277	1302.697350750652 	-1.5386725067089888   	5.878818423267174    
6310.629336887861 	30                	14878.69          	14249.090924848917	348.86907515108396	0.023898481373499033	0.024483602286703987	102272.29419841625	98278.92955933877 	2221.781665332947 	2228.6694626298518	1299.5333581456634	-1.545394330953424    	5.904543014517       
6340.629336887861 	30                	14878.69          	14248.85831416254 	349.10168583746116	0.02391441583875152 	0.024500326843061825	102718.65489841625	98706.39530876363 	2232.2547159080705	2225.174732402281 	1296.360021973514 	-1.552116045258462    	5.93026719315509     
6370.629336887861 	30                	14878.69          	14248.620488283144	349.33951171685646	0.023930707558923056	0.024517426932952814	103165.01559841626	99133.85392341213 	2242.7349012595764	2221.678682452181 	1293.1698144966097	-1.558837647376922    	5.955990950747588    
6400.629336887861 	30                	14878.69          	14248.372145200346	349.5878547996532 	0.02394771973615856 	0.024535283837137427	103611.37629841626	99561.30508776814 	2253.2225369035664	2218.1719352066657	1289.9674997478724	-1.5655591323245752   	5.981714268588262    
6430.629336887861 	30                	14878.69          	14248.118514338159	349.84148566184297	0.02396509414067739 	0.02455352159724041 	104057.73699841627	99988.74864319828 	2263.7177814734214	2214.653207212924 	1286.761264446484 	-1.5722804978508425   	6.007437138158701    
6460.629336887861 	30                	14878.69          	14247.847520644293	350.11247935570805	0.023983657946432792	0.024573008578903984	104504.09769841627	100416.18406881762	2274.221155854093 	2211.1253217660474	1283.5447114640422	-1.579001735520653    	6.033159528016791    
6490.629336887861 	30                	14878.69          	14247.56419827252 	350.3958017274815 	0.02400306630018725 	0.024593382900493694	104950.45839841626	100843.61099476578	2284.733029905917 	2207.5867437296342	1280.3164868616375	-1.5857228395587721   	6.058881416200378    
6520.629336887861 	30                	14878.69          	14247.261101588756	350.6988984112447 	0.024023829248144585	0.024615180132561563	105396.81909841626	101271.02882781344	2295.2539968582546	2204.043259380585 	1277.0716322261767	-1.5924438003373476   	6.084602766862544    
6550.629336887861 	30                	14878.69          	14246.95095196973 	351.0090480302711 	0.024045075341367635	0.024637485537334705	105843.17979841627	101698.43735637254	2305.7842682991627	2200.493982335451 	1273.8126490186032	-1.5991646148031178   	6.110323568256929    
6580.629336887861 	30                	14878.69          	14246.633875111493	351.3261248885095 	0.02406679596933472 	0.024660290140695432	106289.54049841627	102125.83637262588	2316.324052045818 	2196.930517653577 	1270.5466419797162	-1.6058852799558359   	6.1360438094105705   
6610.629336887861 	30                	14878.69          	14246.294350630118	351.6656493698816 	0.02409005432059559 	0.02468471033341574 	106735.90119841628	102553.22520314479	2326.8740215269145	2193.3551610531385	1267.2674228813087	-1.6126057849585094   	6.1617634494359175   
6640.629336887861 	30                	14878.69          	14245.9388672     	352.02113280000106	0.024114405903290666	0.024710279615933087	107182.26189841628	102980.60336916079	2337.4346555109146	2189.7667392375374	1263.9707021908507	-1.6193261222583732   	6.187482460058621    
6670.629336887861 	30                	14878.69          	14245.566368842276	352.3936311577254 	0.02413992305484639 	0.024737074120722666	107628.62259841629	103407.97036022606	2348.0064644456465	2186.1727285360603	1260.6639627801364	-1.6260462838304945   	6.213200811160434    
6700.629336887861 	30                	14878.69          	14245.175699356862	352.7843006431398 	0.024166684978116103	0.024765177214280846	108074.9832984163 	103835.32563120675	2358.5899934649406	2182.5803985276675	1257.339440238053 	-1.6327662611202476   	6.238918470635132    
6730.629336887861 	30                	14878.69          	14244.76523391935 	353.19476608065025	0.024194802977994888	0.024794706004675312	108521.34399841628	104262.66858822433	2369.18583644736  	2178.9850442579227	1253.990323977907 	-1.6394860447743393   	6.264635403379026    
6760.629336887861 	30                	14878.69          	14244.32324522045 	353.63675477955127	0.02422508040709464 	0.024826504474209456	108967.70469841629	104689.99828558095	2379.7949390907465	2175.384614853424 	1250.6144279688783	-1.6462056195311054   	6.290351552113817    
6790.629336887861 	30                	14878.69          	14243.8689805446  	354.0910194554009 	0.02425619877403424 	0.024859188183986133	109414.0653984163 	105117.31435499729	2390.4176696744084	2171.7827970387457	1247.2147235534046	-1.6529249799708072   	6.3160668964987705   
6820.629336887861 	30                	14878.69          	14243.391364209434	354.56863579056727	0.02428891679320722 	0.024893554261348295	109860.4260984163 	105544.61609592357	2401.0547287481254	2168.1802328230283	1243.790268037911 	-1.6596441150819465   	6.341781395206816    
6850.629336887861 	30                	14878.69          	14242.889350651514	355.070649348486  	0.024323306088555246	0.024929678284149832	110306.7867984163 	105971.90277644312	2411.70684822858  	2164.576668846547 	1240.3381375893196	-1.6663630133485712   	6.367495005017622    
6880.629336887861 	30                	14878.69          	14242.374412304047	355.58558769595453	0.02435858076717257 	0.02496673499811679 	110753.1474984163 	106399.17400881225	2422.3744158594586	2160.970790933211 	1236.8655144224965	-1.6730816691698678   	6.39320770491087     
6910.629336887861 	30                	14878.69          	14241.806162721332	356.1538372786692 	0.024397507410533332	0.025007631280007193	111199.50819841631	106826.4281936939 	2433.0590309778186	2157.361024055025 	1233.3800820090082	-1.679800056404888    	6.4189193967774      
6940.629336887861 	30                	14878.69          	14241.236715358667	356.7232846413328 	0.02443651610508131 	0.02504861703875896 	111645.86889841632	107253.66529515464	2443.7607295170583	2153.7464237642325	1229.8827747007538	-1.6865181755332095   	6.444630082417104    
6970.629336887861 	30                	14878.69          	14240.607874868394	357.35212513160707	0.024479593390556425	0.02509388140391511 	112092.2295984163 	107680.8835314007 	2454.4812932710065	2150.1227345988573	1226.3727992761676	-1.6932359974396631   	6.470339652486516    
7000.629336887861 	30                	14878.69          	14239.961896881206	357.9981031187946 	0.02452384464122347 	0.02514038350040826 	112538.59029841631	108108.08238830713	2465.2212363645704	2146.48607249638  	1222.8441302466465	-1.6999535145646643   	6.496048078829302    
7030.629336887861 	30                	14878.69          	14239.29954576779 	358.6604542322113 	0.02456921749560975 	0.025188068632126817	112984.95099841632	108535.26137468017	2475.981049991537 	2142.8328019710716	1219.3058279822028	-1.7066707198638795   	6.521755334792071    
7060.629336887861 	30                	14878.69          	14238.56788029136 	359.39211970864045	0.024619338572556743	0.025240749120991394	113431.31169841632	108962.4184110889 	2486.7628135827963	2139.1647848284233	1215.7594190469313	-1.7133875793312556   	6.547461292819075    
7090.629336887861 	30                	14878.69          	14237.835365465991	360.12463453400915	0.02466951783221828 	0.025293496187453815	113877.67239841633	109389.55347205287	2497.5665526188163	2135.4896912569643	1212.203621414866 	-1.7201040939142067   	6.573165956466038    
7120.629336887861 	30                	14878.69          	14237.025055114691	360.9349448853091 	0.024725026297188722	0.02535185149201112 	114324.03309841633	109816.66422370632	2508.3946009653755	2131.811982078946 	1208.6297254945118	-1.7268202255040834   	6.598869182708014    
7150.629336887861 	30                	14878.69          	14236.213631969807	361.7463680301928 	0.024780610991549008	0.025410293592239345	114770.39379841633	110243.75063266541	2519.2469920062813	2128.1313582486778	1205.034691165077 	-1.733535975069281    	6.62457097510767     
7180.629336887861 	30                	14878.69          	14235.327202380226	362.6327976197744 	0.024841333831561015	0.025474145586140105	115216.75449841634	110670.81044873681	2530.1259759348745	2124.4443976707967	1201.4343732682773	-1.74025130644636     	6.65027119815601     
7210.629336887861 	30                	14878.69          	14234.365375461946	363.5946245380537 	0.024907221593842822	0.02554343765580445 	115663.11519841634	111097.84141000068	2541.0338146710164	2120.7500649654235	1197.8383303517453	-1.7469661841276067   	6.6759697183024      
7240.629336887861 	30                	14878.69          	14233.298864052755	364.66113594724595	0.024980280528734557	0.025620282369551342	116109.47589841633	111524.84037592226	2551.9736487494333	2117.0431928427   	1194.2258533544943	-1.7536805576704748   	6.701666346518974    
7270.629336887861 	30                	14878.69          	14232.178099379698	365.7819006203032 	0.025057055959894613	0.0257010485721961  	116555.83659841634	111951.80571890366	2562.9471057680425	2113.3236197969914	1190.5932694726391	-1.7603944024404634   	6.727360990134979    
7300.629336887861 	30                	14878.69          	14231.00660109903 	366.95339890097165	0.025137306781288043	0.025785484413494167	117002.19729841634	112378.73591693664	2573.955707735072 	2109.5967091437597	1186.9504426775925	-1.7671076956701717   	6.753053563702458    
7330.629336887861 	30                	14878.69          	14229.720220812755	368.23977918724773	0.02522542733280867 	0.025878216400112404	117448.55799841635	112805.62752356102	2585.002901110689 	2105.862511948188 	1183.289718153019 	-1.7738203820589171   	6.7787438598887455   
7360.629336887861 	30                	14878.69          	14228.346313200494	369.6136867995054 	0.025319543744434524	0.025977276533998367	117894.91869841635	113232.47791295702	2596.0913117146742	2102.1185561058096	1179.61612790786  	-1.7805324203229946   	6.804431723537237    
7390.629336887861 	30                	14878.69          	14226.84314288524 	371.11685711476025	0.0254225150031073  	0.026085678557604228	118341.27939841636	113659.28320724358	2607.224817428117 	2098.3663565155625	1175.9282952996632	-1.787243748055646    	6.830116920501962    
7420.629336887861 	30                	14878.69          	14225.326894899119	372.6331051008813 	0.02552638211783573 	0.026195046894458302	118787.64009841636	114086.04301409057	2618.4038105811433	2094.6036643793195	1172.22774178557  	-1.7939543619598275   	6.85579943840884     
7450.629336887861 	30                	14878.69          	14223.67489567707 	374.28510432293143	0.025639548561780648	0.026314233632876834	119234.00079841637	114512.75326096088	2629.632363710831 	2090.8333281742607	1168.5145770683716	-1.8006641965550878   	6.881479031504271    
7480.629336887861 	30                	14878.69          	14221.924815631432	376.0351843685699 	0.025759433809146613	0.026440526809371586	119680.36149841636	114939.41100542982	2640.9134192418883	2087.054919728749 	1164.7821982415724	-1.8073732055717926   	6.907155526134455    
7500.0            	19.370663112138573	14878.69          	14220.73077075492 	377.2292292450809 	0.025841229133733813	0.02652671197607205 	119968.57158995631	115214.87599039855	2648.2205995576464	2084.6101393872887	1162.3703064816757	-1.8117047731787113   	6.9237331835380385   