TIME              	DT                	WATINJ            	OILPROD           	WATPROD           	WC                  	WOR                 	CUMINJ            	CUMOPROD          	CUMWPROD          	PWBINJ            	PWBPROD           	MBEO                  	MBEW                
Days              	Days              	SCF/D             	SCF/D             	SCF/D             	dec.                	SCF/SCF             	MSCF              	MSCF              	MSCF              	psia              	psia              	dec.                  	dec.                
3                 	3                 	16787.654000000002	16576.835749924998	266.964250075001  	0.01584940750157334 	0.016104656769384284	50.36296200000001 	49.730507249774995	0.8008927502250031	2369.8606086560785	2192.8931820134594	-0.0007825317216174717	0.002925042699079908
4.643146354799779 	1.6431463547997789	16787.654000000002	16576.27701051028 	267.5229894897201 	0.015882579316408418	0.016138906783477115	77.94753447573993 	76.96775639574635 	1.2404721752301762	2406.454726503858 	2154.2856896377493	-0.001210825730930201 	0.00452702121959734 
6.771161221460175 	2.128014866660396 	16787.654000000002	16575.65323158666 	268.1467684133383 	0.01591961246353782 	0.0161771463644254  	113.6719117640908 	112.24099289717019	1.8110924848607024	2444.856086478723 	2113.868570043339 	-0.001765482140821705 	0.006601641938562078
9.403727431045645 	2.6325662095854714	16787.654000000002	16574.9850802986  	268.8149197013992 	0.015959279954725136	0.01621810930140255 	157.86652242270318	155.87573854394762	2.518765559099038 	2483.3869250250827	2073.8051883895664	-0.002451619693334046 	0.009168050500264171
12.689229179669981	3.285501748624336 	16787.654000000002	16574.259092731387	269.54090726861125	0.01600238112947264 	0.016262621801708045	213.02238899500352	210.33049577526938	3.40434268125585  	2522.053486730161 	2034.1527228566838	-0.003307897272732261 	0.012370845194921022
16.525894263610468	3.836665083940488 	16787.654000000002	16573.509570905637	270.290429094362  	0.01604687951022703 	0.01630858135013539 	277.4309949380774 	273.9175012643165 	4.4413565330854805	2558.7304918283644	1997.2653557661083	-0.0043077754982834855	0.01611075892753929 
20.38798096974397 	3.8620867061335047	16787.654000000002	16572.82481059627 	270.9751894037282 	0.016087533062831918	0.01635057345386727 	342.2663702786464 	337.92318764839985	5.487886209773628 	2589.621178969163 	1966.8105994560542	-0.0053142373008833324	0.01987529712465841 
24.28146988006875 	3.893488910324782 	16787.654000000002	16572.186490300148	271.6135096998512 	0.016125429517083508	0.016389720804724776	407.62891495801586	402.4468119682177 	6.545410397684392 	2616.152166476376 	1941.0719027024463	-0.006328843461977048 	0.023670297726693573
28.21356200953877 	3.9320921294700177	16787.654000000002	16571.582353211583	272.21764678841583	0.016161296547597088	0.016426774521967114	473.63951712368174	467.60780051214516	7.615795264123971 	2639.4507369753915	1918.9270190009647	-0.007353471902063661 	0.027502784864843113
32.19151376731158 	3.977951757772808 	16787.654000000002	16571.00394812798 	272.79605187202316	0.016195635894039533	0.01646225254220888 	540.4199948618634 	533.526454795661  	8.700964798181767 	2660.017227149276 	1899.6197192727993	-0.00839001430199445  	0.03137983409073154 
36.227349443859865	4.035835676548288 	16787.654000000002	16570.444569586463	273.35543041353486	0.01622884565320978 	0.016496565874596615	608.1722078006121 	600.402046165864  	9.804182396622924 	2678.4336788288388	1882.6044954816502	-0.009441604129932368 	0.03531316585578552 
40.33225337531149 	4.104903931451625 	16787.654000000002	16569.899240051836	273.9007599481628 	0.01626122133652518 	0.01653001964466417 	677.0839147050617 	668.41989070011   	10.928518702961725	2695.0631824113693	1867.493558772354 	-0.010511155384127748 	0.0393136794471759  
44.52103209057061 	4.188778715259117 	16787.654000000002	16569.363593460024	274.43640653997613	0.016293022152956943	0.0165628815489508  	747.4036824593964 	737.8252882457847 	12.078072081368575	2710.0140582055733	1853.9897273662411	-0.011602525330218926 	0.04339580243890773 
48.814838218258465	4.293806127687856 	16787.654000000002	16568.833277512313	274.9667224876866 	0.016324506494240408	0.016595418511506126	819.4866140740999 	808.9686461014055 	13.258725879296449	2723.6988440154664	1841.853254345129 	-0.012721223933931545 	0.04758014428096907 
53.23195758793335 	4.417119369674883 	16787.654000000002	16568.30490422546 	275.49509577454   	0.01635587550164096 	0.016627838355647337	893.6396857288998 	882.1528266165392 	14.475620603092608	2736.091054855835 	1830.909095492018 	-0.013872013592817091 	0.051884517853824835
57.80440736009701 	4.572449772163657 	16787.654000000002	16567.773955436347	276.02604456365157	0.016387397414102018	0.016660418310033724	970.4003904363623 	957.9081408643331 	15.737735827668912	2747.4207684746884	1820.9944501782863	-0.015063233241839431 	0.05634011384754142 
62.56279290411632 	4.7583855440193155	16787.654000000002	16567.23653602375 	276.56346397625225	0.01641930348117718 	0.016693397439874386	1050.28252054796  	1036.7414397016971	17.053731416657417	2757.9175141091378	1811.989704975622 	-0.01630285284854843  	0.060976742944903885
67.54111610215149 	4.978323198035173 	16787.654000000002	16566.688727957975	277.11127204202506	0.016451826312472547	0.016727016279020897	1133.8568878967483	1119.215770510718 	18.433280890701266	2767.3667817149667	1803.7987460184515	-0.01759972612311725  	0.06582752097771433 
72.7987100655161  	5.257593963364607 	16787.654000000002	16566.124250649413	277.6757493505844 	0.01648533878047617 	0.01676166043120793 	1222.1195562262021	1206.3137253672803	19.893187234259642	2776.1994767293336	1796.3171260226297	-0.018969303894471302 	0.0709502396452552  
78.38075678978757 	5.582046724271463 	16787.654000000002	16565.53873490756 	278.26126509243886	0.016520100279772906	0.01679759828794917 	1315.829025245105 	1298.783336598263 	21.446454617560526	2784.3793906144674	1789.4891146110142	-0.020423348645423643 	0.07638889497400522 
84.35825894754079 	5.977502157753223 	16787.654000000002	16564.925463882944	278.874536117054  	0.016556509583173274	0.01683524243589827 	1416.1772632537195	1397.800214301645 	23.113427758942645	2791.756639919256 	1783.2504289973251	-0.021980346327657052 	0.08221263087182078 
90.81662534657457 	6.458366399033775 	16787.654000000002	16564.2766993391  	279.5233006608983 	0.0165950261022393  	0.01687506830117436 	1524.5980837659245	1504.7783823609545	24.918691651678007	2798.7244489533055	1777.5488624057991	-0.023662531869408962 	0.08850461394499157 
97.83514745055163 	7.018522103977069 	16787.654000000002	16563.58572441728 	280.21427558271955	0.01663604861033256 	0.016917488775974425	1642.4226044388433	1621.0302748888962	26.88538173870525 	2805.1102683741115	1772.356668021056 	-0.0254905427271957   	0.09534203549366721 
105.5490070469238 	7.713859596372169 	16787.654000000002	16562.840834029736	280.95916597026536	0.016680272027111778	0.01696322320462148 	1771.920210347319 	1748.793703599661 	29.0526612973137  	2811.0812658818854	1767.6252575272867	-0.027499567526868014 	0.10285651352989697 
113.66098666543084	8.11197961850703  	16787.654000000002	16562.071279719774	281.72872028022476	0.016725959716941827	0.017010476257592312	1908.1013174378672	1883.1448882610086	31.338038934174953	2816.5328984178805	1763.5085060144004	-0.029612181946250267 	0.11075845287636166 
121.32923864474643	7.668251979315591 	16787.654000000002	16561.35452998301 	282.4454700169889 	0.016768512450693367	0.017054490893582644	2036.8332784514325	2010.141527915698 	33.50390196868145 	2820.8770177641686	1760.2351423557905	-0.031609149327254546 	0.11822782946772029 
128.7034012315893 	7.3741625868428775	16787.654000000002	16560.67406514702 	283.12593485297856	0.016808910985227715	0.01709628084818328 	2160.628168499096 	2132.2626310198043	35.591718644839204	2824.347253848855 	1757.551490419483 	-0.03352945098838678  	0.1254104476663293  
135.9116444749677 	7.208243243378382 	16787.654000000002	16560.016462848118	283.78353715188206	0.016847952193203557	0.017136669989944852	2281.63766201677  	2251.631257798364 	37.63729940909627 	2827.466317769622 	1755.2899712500362	-0.03540647115596301  	0.13243117666388987 
143.03802181981655	7.126377344848859 	16787.654000000002	16559.373030396473	284.4269696035251 	0.016886152151149095	0.017176191941653193	2401.272819155531 	2369.6395986070825	39.66423332154285 	2830.2142478258224	1753.343182773416 	-0.03726210140277847  	0.13937189874037018 
150.1597246038525 	7.121702784035966 	16787.654000000002	16558.736153834732	285.06384616526617	0.016923962892296644	0.017215314231530287	2520.8295013847637	2487.565995973964 	41.69437330840603 	2832.4225711764093	1751.6337822175824	-0.03911644312992673  	0.1463078003658065  
157.3392820605291 	7.1795574566765685	16787.654000000002	16558.099865517597	285.70013448240115	0.016961738709934882	0.017254403391863484	2641.35742784057  	2606.4458253318367	43.74557383930266 	2834.443118593048 	1750.106571037183 	-0.04098577716356245  	0.1532997776290403  
164.6389414234432 	7.299659362914141 	16787.654000000002	16557.458482154645	286.34151784535646	0.016999817015480853	0.017293808597132865	2763.9015835430328	2727.3096321671587	45.83576938103356 	2836.073328425316 	1748.7190475035513	-0.04288630839541181  	0.1604084426239455  
172.1459336106351 	7.506992187191887 	16787.654000000002	16556.804387164546	286.9956128354545 	0.017038649997949067	0.017333997921600394	2889.9263709623133	2851.6014333464673	47.99024320434766 	2837.686843534448 	1747.4338629745657	-0.044840743341450995 	0.16771872588335093 
179.92284512736512	7.776911516730016 	16787.654000000002	16556.13234862248 	287.66765137751963	0.0170785482716204  	0.017375293052755432	3020.482470693792 	2980.357009680976 	50.22740907533617 	2839.2225414890463	1746.2249243664103	-0.04686536924434018  	0.1752915471314721  
188.06211634234708	8.139271214981958 	16787.654000000002	16555.434790576513	288.3652094234847 	0.01711996161338206 	0.01741815984123984 	3157.121739663069 	3115.106183523426 	52.57449172379898 	2840.6729147379515	1745.0664487058534	-0.04898424186597741  	0.18321688360908736 
196.66564433407262	8.603527991725551 	16787.654000000002	16554.70361705219 	289.09638294781075	0.017163370673352257	0.017463096267699214	3301.5547907674727	3257.5350394874545	55.06174054679708 	2841.9209493072613	1743.9356555616491	-0.05122387419023294  	0.19159390298173226 
205.82733690708216	9.161692573009539 	16787.654000000002	16553.931715010032	289.86828498996795	0.01720919774575618 	0.01751054009284901 	3455.3581157375265	3409.1970727349694	57.71742466054068 	2842.8145916028056	1742.813972503702 	-0.05360869422935779  	0.2005139745942798  
215.7156029907643 	9.888266083682144 	16787.654000000002	16553.106119562653	290.6938804373454 	0.017258212543330213	0.01756128900145212 	3621.3589054103177	3572.878590556632 	60.59188309920324 	2843.7945773225   	1741.6764794919698	-0.05618251548359546  	0.21014097599974696 
226.47336901632022	10.757766025555936	16787.654000000002	16552.21652206535 	291.5834779346459 	0.01731102708026965 	0.017615977748112657	3801.9565592603058	3750.9434631053523	63.72866993174201 	2845.0624753819216	1740.5028267785722	-0.0589825087914553   	0.2206139388541217  
238.27315493971628	11.79978592339607 	16787.654000000002	16551.250776917208	292.5492230827901 	0.01736836242907124 	0.0176753543901822  	4000.04728261635  	3946.2446790374183	67.18068813617478 	2845.914600573873 	1739.270762577173 	-0.06205353615872162  	0.23210066249670935 
249.5706563750076 	11.297501435291313	16787.654000000002	16550.33498088562 	293.46501911437923	0.017422732347473803	0.01773166642568317 	4189.705827776524 	4133.222112238525 	70.49610961082728 	2846.9122196554413	1738.1278425381392	-0.06499367564062312  	0.24309781728136573 
260.36517367209217	10.794517297084559	16787.654000000002	16549.46787809738 	294.3321219026167 	0.0174742113954462  	0.017784990071623666	4370.920449256995 	4311.865629506193 	73.67328279179267 	2847.82351159659  	1737.0600848718275	-0.06780276788171051  	0.25360480745181796 
270.8628886384936 	10.497714966401423	16787.654000000002	16548.631993106388	295.1680068936127 	0.017523837073202764	0.0178363992272334  	4547.152455903563 	4485.588451253695 	76.77187239536264 	2848.238200808983 	1736.0385927035045	-0.07053448431421495  	0.2638223832058874  
281.2005498363983 	10.33766119790469 	16787.654000000002	16547.81590766196 	295.98409233803875	0.017572287271164392	0.01788659566855541 	4720.6975352632135	4656.654165672403 	79.83165566192261 	2848.5313648029914	1735.0449984198476	-0.07322441888745532  	0.2738836784571942  
291.5106833561842 	10.310133519785886	16787.654000000002	16547.00892983697 	296.791070163027  	0.01762019675863089 	0.017936236779800364	4893.780489487181 	4827.256037092111 	82.89161122278357 	2848.6571647332676	1734.0635073623048	-0.07590705971583629  	0.2839176909794637  
301.9058474026511 	10.395164046466913	16787.654000000002	16546.20226321078 	297.5977367892205 	0.01766808777052806 	0.01798586358701213 	5068.290906772508 	4999.25652396421  	85.9851885165648  	2848.9273862070986	1733.0810644509222	-0.07861169317481397  	0.2940339619107768  
312.4787823357137 	10.572934933062587	16787.654000000002	16545.3889213411  	298.4110786589001 	0.017716375085129254	0.01803590596011884 	5245.785680193275 	5174.1898444717635	89.14026943453038 	2849.0918215879074	1732.0868022821865	-0.08136244416658578  	0.30432272669999916 
323.3472829885666 	10.868500652852873	16787.654000000002	16544.56028041541 	299.23971958458884	0.017765570689784304	0.018086894696065947	5428.242308652143 	5354.004408680623 	92.392556522195   	2849.025936260568 	1731.068111967275 	-0.08418995062997142  	0.3148985818529527  
334.61343603753284	11.266153048966267	16787.654000000002	16543.709223238715	300.0907767612856 	0.017816097125428088	0.018139268087458423	5617.374587949234 	5540.388368787224 	95.77342514177082 	2849.0499332287113	1730.014304204715 	-0.08712075798896501  	0.32586081630851405 
346.4033423592981 	11.789906321765274	16787.654000000002	16542.82715664944 	300.972843350559  	0.017868464559693122	0.018193555460656676	5815.2994559714425	5735.426751261276 	99.32186677026924 	2848.9461653300814	1728.912608772581 	-0.0901876524230695   	0.33733206142920097 
358.89293691935814	12.489594560060056	16787.654000000002	16541.902225719237	301.8977742807601 	0.017923376808128815	0.01825048716654675 	6024.970448046013 	5942.0284033126645	103.09244756962045	2849.0568646461265	1727.7450386135495	-0.09343637426684082  	0.3494834015973483  
372.22939236331626	13.336455443958103	16787.654000000002	16540.925245460985	302.87475453901294	0.01798137917447446 	0.018310629547287578	6248.858247625598 	6162.625715850596 	107.13172323862975	2849.064087576053 	1726.4958258948807	-0.09690517185699245  	0.36245789830668923 
386.62858723047015	14.399194867153893	16787.654000000002	16539.88267224985 	303.91732775015174	0.018043275730544876	0.018374817631569763	6490.586948933954 	6400.786709528184 	111.50788806440885	2849.108462908989 	1725.1423677443547	-0.10065015073570278  	0.37646540511702514 
402.3402778403406 	15.71169060987043 	16787.654000000002	16538.75944474325 	305.04055525675216	0.01810996065357889 	0.018443980413156535	6754.349374647508 	6660.6385809950625	116.30059089206603	2849.2769316423005	1723.658327154826 	-0.10473620932688084  	0.3917486636260577  
419.62085311721313	17.2805752768725  	16787.654000000002	16537.54119381565 	306.25880618434996	0.018182287024563933	0.018519004886825494	7044.449693316597 	6946.416806489174 	121.5929192465398 	2848.9817806100873	1722.018558912503 	-0.10922994863463009  	0.4085567834284287  
437.74753050370373	18.12667738649062 	16787.654000000002	16536.281766553573	307.5182334464256 	0.01825705799442083 	0.018596576775101563	7348.7540814506265	7246.164651243597 	127.16720305468665	2848.527030239794 	1720.291769964593 	-0.11394335419928682  	0.4261865254802069  
455.0829026893299 	17.335372185626152	16787.654000000002	16535.093801953135	308.7061980468632 	0.018327586295661502	0.01866975789459378 	7639.774311664141 	7532.806656424695 	132.51873989383864	2848.3556226940555	1718.6334196663763	-0.11845067607526857  	0.4430454402283522  
471.99161827188846	16.908715582558585	16787.654000000002	16533.950590336728	309.84940966326945	0.018395457655830005	0.01874019206543178 	7923.631978448544 	7812.374524412776 	137.75789543525855	2847.8821150988574	1717.0085922066007	-0.122846760197436    	0.4594882840905729  
488.68088610833473	16.689267836446284	16787.654000000002	16532.837108722393	310.96289127760724	0.01846156397473297 	0.01880880391143208 	8203.805632400134 	8088.295471016582 	142.94763841498624	2847.4623309806993	1715.3976765958614	-0.12718549806343452  	0.47571662976602447 
505.3581357519108 	16.6772496435761  	16787.654000000002	16531.739094439217	312.06090556078186	0.01852675201325009 	0.018876471723761345	8483.77752908811  	8363.99941093701  	148.15195604102382	2846.9471809077154	1713.781439299807 	-0.13152082358479625  	0.4919322085341907  
522.1907591703967 	16.83262341848591 	16787.654000000002	16530.645579891363	313.1544201086337 	0.01859167290686388 	0.018943871163118343	8766.357786949951 	8642.25354284778  	153.4231664665468 	2846.4453899840028	1712.1444987602088	-0.13589624977973735  	0.5082977735958253  
539.3330332429125 	17.142274072515793	16787.654000000002	16529.546994248733	314.2530057512666 	0.01865689486643552 	0.019011592142277545	9054.136352852518 	8925.607567717721 	158.81017761924687	2845.877632791336 	1710.4717093469517	-0.14035186959204218  	0.5249632859379602  
556.9606922661513 	17.62765902323878 	16787.654000000002	16528.43297295976 	315.36702704024026	0.01872303322529597 	0.01908027382608959 	9350.06339336463  	9216.965148353513 	164.36936003908477	2844.7612156204123	1708.7463942869229	-0.1449333418647779   	0.5420995248357666  
575.2289950501543 	18.268302784002902	16787.654000000002	16527.295036738404	316.5049632615944 	0.01879059139039851 	0.01915043947349145 	9656.745339669706 	9518.890778285198 	170.15136854058727	2843.6718488211495	1706.9543917569245	-0.1496809921418646   	0.5598573209315576  
594.3248318146907 	19.09583676453642 	16787.654000000002	16526.12335388107 	317.67664611892985	0.018860153060409758	0.019222696050149306	9977.319640113223 	9834.470932201504 	176.2176699187798 	2842.5476028519706	1705.0771323585052	-0.1546433539252077   	0.5784182051145174  
614.4805187499145 	20.15568693522375 	16787.654000000002	16524.906100051412	318.89389994858897	0.018932420234661358	0.01929777379779464 	10315.68633851408 	10167.54176618811 	182.64519553169612	2841.4435028625694	1703.0900499557317	-0.15988074912491335  	0.598007800832272   
635.9433368816408 	21.462818131726266	16787.654000000002	16523.631523141856	320.1684768581459 	0.019008090624333333	0.0193763989719657  	10675.996703174427	10522.185464444961	189.5169133220143 	2840.5740924591773	1700.9663127629733	-0.16545736830545404  	0.6188662013546896  
659.0060893295346 	23.062752447893747	16787.654000000002	16522.286368908215	321.5136310917831 	0.019087951120993072	0.019459391025736628	11063.166211557322	10903.234864844302	196.9319026045075 	2839.54941441744  	1698.6750801831315	-0.17144920575048114  	0.6412776493705203  
684.0634938766668 	25.057404547132254	16787.654000000002	16520.853029048947	322.946970951054  	0.01917304711235315 	0.019547838745566582	11483.821249232606	11317.204562656896	205.02411550289904	2838.5449516233966	1696.1718498217429	-0.17795870068951877  	0.6656252998826756  
711.5242408506716 	27.460746974004753	16787.654000000002	16519.31514101006 	324.4848589899389 	0.019264350027306126	0.019642754933852452	11944.822768013744	11770.83729592802 	213.93471211251736	2837.6337428658617	1693.4092547650534	-0.18509187975753236  	0.6923057255198257  
741.5242408506716 	30                	16787.654000000002	16517.67336492332 	326.1266350766774 	0.019361820674472355	0.01974410244539857 	12448.452388013742	12266.36749687572 	223.71851116481767	2836.0783305971304	1690.380217683868 	-0.192883878421802    	0.7214503424216705  
771.5242408506716 	30                	16787.654000000002	16516.068449804105	327.7315501958952 	0.019457102921899762	0.019843193989655714	12952.082008013742	12761.849550369843	233.5504576706945 	2834.8925296904454	1687.3385121108445	-0.20067511999957022  	0.750592117842861   
801.5242408506716 	30                	16787.654000000002	16514.499517850585	329.3004821494147 	0.019550248883827562	0.019940082458658377	13455.711628013742	13257.28453590536 	243.42947213517695	2833.8695260089057	1684.2798808817727	-0.20846562147051345  	0.7797311155813432  
831.5242408506716 	30                	16787.654000000002	16512.96566457932 	330.8343354206792 	0.019641312258556812	0.02003482246258928 	13959.341248013741	13752.673505842742	253.35450219779733	2832.314683297172 	1681.2103272584627	-0.2162553993525628   	0.8088673975584887  
861.5242408506716 	30                	16787.654000000002	16511.466002736724	332.3339972632759 	0.019730345721468784	0.020127467616030736	14462.97086801374 	14248.017485924844	263.3245221156956 	2830.6530162633585	1678.1343433226925	-0.22404446978832296  	0.8380010245024493  
891.5242408506716 	30                	16787.654000000002	16509.99965227457 	333.8003477254297 	0.019817401520169416	0.020218071154195466	14966.600488013739	14743.31747549308 	273.3385325474585 	2828.837380437819 	1675.054611065443 	-0.2318328484918112   	0.8671320553174385  
921.5242408506716 	30                	16787.654000000002	16508.565729549417	335.234270450581  	0.019902532115709103	0.020306686597887195	15470.230108013739	15238.574447379562	283.39556066097595	2827.0289149008327	1671.9711022776173	-0.23962055074639332  	0.8962605474350097  
951.5242408506716 	30                	16787.654000000002	16507.163405478568	336.63659452143315	0.019985786729920393	0.020393364156661025	15973.859728013736	15733.78934954392 	293.4946584966189 	2824.7721697381153	1668.8856610618948	-0.24740759149349648  	0.9253865567161728  
981.5242408506716 	30                	16787.654000000002	16505.79184251562 	338.0081574843806 	0.02006721508711696 	0.02047815462047323 	16477.489348013736	16228.96310481939 	303.63490322115035	2822.3132310536907	1665.7973830639148	-0.25519398521295855  	0.9545101377921859  
1011.5242408506716	30                	16787.654000000002	16504.450180724903	339.3498192750952 	0.020146868240842043	0.020561110219316035	16981.118968013736	16724.096610241137	313.8153977994032 	2819.9513352663   	1662.7013572763926	-0.26297974602496993  	0.9836313433700852  
1041.5242408506715	30                	16787.654000000002	16503.137591229097	340.6624087709022 	0.02022479540073512 	0.02064228131697536 	17484.74858801374 	17219.190737978006	324.03527006253023	2817.7210290055073	1659.5931500124004	-0.27076488763137185  	1.012750225161242   
1071.5242408506715	30                	16787.654000000002	16501.853428278162	341.9465717218372 	0.020301034904346833	0.020721707001461146	17988.37820801374 	17714.24634082635 	334.29366721418535	2815.182407059529 	1656.4805568200975	-0.2785494234590284   	1.041866833270581   
1101.5242408506715	30                	16787.654000000002	16500.597007855078	343.20299214492013	0.020375627361101423	0.020799428771064405	18492.007828013742	18209.264251062003	344.58975697853293	2812.3892046589153	1653.3660216478056	-0.28633336658046715  	1.0709812169758026  
1131.5242408506715	30                	16787.654000000002	16499.36759297467 	344.43240702532825	0.02044861652509103 	0.020875491444410598	18995.637448013742	18704.245278851242	354.92272918929274	2809.560562663767 	1650.2458005948195	-0.2941167297408733   	1.100093424038846   
1161.5242408506715	30                	16787.654000000002	16498.164501520198	345.63549847980073	0.02052004289292207 	0.020949936488265267	19499.26706801374 	19199.190213896847	365.2917941436868 	2806.5335464300865	1647.118705113223 	-0.30189952535131753  	1.1292035011113013  
1191.5242408506715	30                	16787.654000000002	16496.98707766871 	346.81292233128744	0.020589945400164306	0.021022803782198132	20002.896688013745	19694.09982622691 	375.6961818136254 	2803.5151659840435	1643.9837312139314	-0.3096817655421126   	1.1583114935038312  
1221.5242408506715	30                	16787.654000000002	16495.83457872948 	347.9654212705215 	0.020658368139643165	0.021094138620861586	20506.526308013745	20188.97486358879 	386.135144451741  	2800.5256905006268	1640.8371720969521	-0.3174634620364256   	1.187417445501679   
1251.5242408506715	30                	16787.654000000002	16494.70632698721 	349.09367301279093	0.020725351346655204	0.021163982316049733	21010.155928013744	20683.81605339841 	396.60795464212475	2797.1228394764985	1637.684103530938 	-0.32524462630236445  	1.2165213999301963  
1281.5242408506715	30                	16787.654000000002	16493.60177133469 	350.1982286653118 	0.02079092773989906 	0.0212323683765631  	21513.785548013748	21178.62410653845 	407.1139015020841 	2793.5014803811996	1634.5258116089533	-0.3330252695108531   	1.2456233987865988  
1311.5242408506715	30                	16787.654000000002	16492.520363908086	351.27963609191164	0.02085512984551655 	0.021299330141234522	22017.415168013747	21673.399717455693	417.65229058484147	2789.8066947579705	1631.3622513793912	-0.34080540257575787  	1.2747234830315382  
1341.5242408506715	30                	16787.654000000002	16491.46154007161 	352.33845992839   	0.020917991185385128	0.021364902017463036	22521.044788013747	22168.143563657843	428.22244438269314	2786.174266363458 	1628.1908070912248	-0.348585036163393    	1.3038216926965818  
1371.5242408506715	30                	16787.654000000002	16490.424715530353	353.3752844696477 	0.02097954644852395 	0.021429119659777222	23024.67440801375 	22662.856305123754	438.82370291678257	2782.621695774693 	1625.0056236325463	-0.35636418064297254  	1.3329180666264522  
1401.5242408506715	30                	16787.654000000002	16489.409403204503	354.390596795496  	0.021039824552386992	0.021492012729493196	23528.30402801375 	23157.53858721989 	449.4554208206474 	2778.9841133201658	1621.8070824144083	-0.3641428461424087   	1.3620126430474624  
1431.5242408506715	30                	16787.654000000002	16488.415206069105	355.3847939308933 	0.02109884906795933 	0.021553605333766837	24031.933648013754	23652.191043401963	460.11696463857425	2775.02652343264  	1618.6008853559006	-0.3719210426573962   	1.3911054592588747  
1461.5242408506715	30                	16787.654000000002	16487.44166230348 	356.35833769651794	0.02115664741308481 	0.021613925616567164	24535.563268013753	24146.81429327107 	470.8077147694697 	2770.9348847226443	1615.3863261112347	-0.37969877989942885  	1.4201965517805426  
1491.5242408506715	30                	16787.654000000002	16486.48826828791 	357.3117317120883 	0.0212132494871756  	0.021673004335276455	25039.192888013753	24641.408941319703	481.52706672083235	2766.970543978992 	1612.1582431518614	-0.387476067405734    	1.4492859564064762  
1521.5242408506715	30                	16226.194000000001	15936.093698412846	346.24630158715445	0.021265143805322483	0.021727175312833334	25525.978708013754	25119.49175227209 	491.914455768447  	2749.0598789230226	1619.5064125089234	-0.39499371339566935  	1.4774009047434304  
1551.5242408506715	30                	16226.194000000001	15935.184765361268	347.1552346387336 	0.021320967050112792	0.02178545399695359 	26012.764528013755	25597.547295232926	502.329112807609  	2740.95604585947  	1620.00724986757  	-0.4025109305962947   	1.5055142437983045  
1581.5242408506715	30                	16226.194000000001	15934.270676661838	348.0693233381632 	0.021377106935376807	0.02184406995470233 	26499.550348013756	26075.575415532778	512.7711925077539 	2735.2625871048913	1618.4319849329454	-0.4100277166032855   	1.5336259644756616  
1611.5242408506715	30                	16226.194000000001	15933.366023934726	348.97397606527363	0.021432667298758878	0.021902087452271738	26986.336168013757	26553.57639625082 	523.2404117897121 	2730.5966193282106	1616.0026623896533	-0.41754407583768005  	1.561736083583442   
1641.5242408506715	30                	16226.194000000001	15932.475945205028	349.8640547949724 	0.021487332582108738	0.021959176715422316	27473.121988013754	27031.550674606973	533.7363334335613 	2726.3311470414833	1613.1728121862573	-0.4250600151912554   	1.589844626771647   
1671.5242408506715	30                	16226.194000000001	15931.6025369822  	350.73746301780034	0.021540974025711312	0.0220152029404217  	27959.907808013755	27509.498750716437	544.2584573240953 	2722.189902685193 	1610.1459928816378	-0.43257554252952457  	1.617951623632008   
1701.5242408506715	30                	16226.194000000001	15930.746551145097	351.5934488549035 	0.021593545451999128	0.02207011753819102 	28446.693628013756	27987.42114725079 	554.8062607897425 	2718.231688361297 	1607.014704716268 	-0.4400906660538911   	1.6460571049450765  
1731.5242408506715	30                	16226.194000000001	15929.908165798848	352.43183420115326	0.02164503592242597 	0.022123908721446144	28933.479448013757	28465.318392224755	565.3792158157771 	2714.349611627525 	1603.8232816905884	-0.44760539410624867  	1.674161101946872   
1761.5242408506715	30                	16226.194000000001	15929.08728373793 	353.2527162620707 	0.02169545140698884 	0.02217658237221839 	29420.265268013758	28943.191010736893	575.9767973036393 	2710.5908857252293	1600.5927063100723	-0.45511973489617     	1.70226364566402    
1791.5242408506715	30                	16226.194000000001	15928.28379171602 	354.05620828397997	0.021744798860850467	0.02222814541188157 	29907.051088013755	29421.039524488373	586.5984835521585 	2706.750807179212 	1597.3409222141238	-0.46263369664475723  	1.73036476673559    
1821.5242408506715	30                	16226.194000000001	15927.497457181536	354.84254281846495	0.02179309256645328 	0.022278612429378872	30393.836908013756	29898.86444820382 	597.2437598367125 	2702.8280574338064	1594.0755801360601	-0.4701472874779003   	1.7584644956587243  
1851.5242408506715	30                	16226.194000000001	15926.727957177389	355.6120428226112 	0.021840352358605163	0.022328003829710324	30880.622728013757	30376.666286919142	607.9121211213908 	2698.9394684780395	1590.796010270587 	-0.477660515278727    	1.7865628622348741  
1881.5242408506715	30                	16226.194000000001	15925.974990717757	356.3650092822434 	0.021886596722721884	0.022376338622278762	31367.40854801376 	30854.445536640676	618.6030713998581 	2695.111790210237 	1587.5026183321233	-0.48517338789153497  	1.8146598956889297  
1911.5242408506715	30                	16226.194000000001	15925.238296360501	357.1017036394978 	0.0219318417155948  	0.022423633291635492	31854.19436801376 	31332.202685531494	629.3161225090431 	2691.2880713003647	1584.1980801932702	-0.49268591297229924  	1.8427556248262096  
1941.5242408506715	30                	16226.194000000001	15924.51758882887 	357.8224111711295 	0.021976104857847796	0.022469905865289366	32340.98018801376 	31809.93821319636 	640.050794844177  	2687.443577346782 	1580.882370997288 	-0.5001980980706526   	1.870850077981115   
1971.5242408506715	30                	16226.194000000001	15923.81253286753 	358.5274671324696 	0.02201940673960067 	0.022515177592831573	32827.76600801376 	32287.652589182384	650.8066188581511 	2683.6328320958546	1577.5509152354145	-0.5077099505820676   	1.898943282837668   
2001.5242408506715	30                	16226.194000000001	15923.122865167708	359.21713483229115	0.022061763532286584	0.02255946511711525 	33314.55182801376 	32765.346275137417	661.5831329031198 	2679.76228835565  	1574.204142123819 	-0.515221477731755    	1.9270352667281008  
2031.5242408506715	30                	16226.194000000001	15922.447445175952	359.8925548240484 	0.022103245284403123	0.02260284143271489 	33801.33764801375 	33243.019698492695	672.3799095478412 	2675.903990255052 	1570.8538052114034	-0.5227326862624774   	1.9551260547431517  
2061.5242408506715	30                	16226.194000000001	15921.785049730326	360.5549502696747 	0.02214392711794955 	0.022645384870070305	34288.12346801376 	33720.673249984604	683.1965580559315 	2672.06725457383  	1567.5066189994013	-0.5302435823297402   	1.983215669984946   
2091.5242408506715	30                	16226.194000000001	15921.135514291362	361.2044857086392 	0.022183819138320363	0.02268710578993625 	34774.909288013754	34198.307315413345	694.0326926271906 	2668.199290187022 	1564.159920137231 	-0.537754171975476    	2.011304135344774   
2121.5242408506715	30                	16226.194000000001	15920.498551433511	361.8414485664881 	0.022222938998110106	0.02272802245466787 	35261.69510801376 	34675.922271956355	704.8879360841853 	2664.2568063292106	1560.8096682845971	-0.5452644611340423   	2.0393914728793625  
2151.5242408506715	30                	16226.194000000001	15919.874010697504	362.46598930249564	0.022261295937960737	0.02276814433700501 	35748.480928013756	35153.51849227728 	715.76191576326   	2660.2471305826925	1557.4531216032603	-0.5527744556917025   	2.0674777047521533  
2181.5242408506715	30                	16226.194000000001	15919.261761750358	363.07823824964163	0.022298897962433017	0.022807479623334015	36235.26674801376 	35631.09634512979 	726.6542629107493 	2656.179938975093 	1554.0915814276207	-0.560284161421649    	2.095562852630421   
2211.5242408506715	30                	16226.194000000001	15918.661613510834	363.67838648916677	0.022335756807017097	0.022846040409609417	36722.05256801376 	36108.65619353511 	737.5646145054243 	2652.138126826067 	1550.721503177211 	-0.5677935840256656   	2.1236469379134335  
2241.5242408506715	30                	16226.194000000001	15918.07340079278 	364.26659920721914	0.022371882616824063	0.02288383713503151 	37208.838388013755	36586.198395558895	748.4926124816409 	2648.095614805054 	1547.3410514594927	-0.5753027291681205   	2.1517299818600404  
2271.5242408506715	30                	16226.194000000001	15917.49700530843 	364.84299469156906	0.022407282656643275	0.022920877231507892	37695.62420801376 	37063.723305718144	759.4379023223879 	2643.9279956766163	1543.9518357161237	-0.5828116023880934   	2.1798120052588676  
2301.5242408506715	30                	16226.194000000001	15916.932260214475	365.4077397855266 	0.02244196717336246 	0.022957171257107733	38182.41002801376 	37541.23127352458 	770.4001345159537 	2639.7843334908866	1540.5515113711426	-0.5903202092054299   	2.207893028826358   
2331.5242408506715	30                	16226.194000000001	15916.37901401473 	365.9609859852698 	0.022475945471306324	0.02299272878982292 	38669.19584801376 	38018.722643945024	781.3789640955118 	2635.660276128936 	1537.1386776945074	-0.5978285550338903   	2.2359730728808067  
2361.5242408506715	30                	16226.194000000001	15915.837146030171	366.50285396982804	0.02250922496212633 	0.023027557432707426	39155.98166801376 	38496.19775832593 	792.3740497146067 	2631.546821517274 	1533.7141815590396	-0.605336645256234    	2.2640521575523525  
2391.5242408506715	30                	16226.194000000001	15915.306550434654	367.0334495653469 	0.022541812145265787	0.02306166383928829 	39642.76748801376 	38973.65695483897 	803.3850532015672 	2627.430485808544 	1530.279809011236 	-0.612844485156215    	2.292130302886781   
2421.5242408506715	30                	16226.194000000001	15914.787141400566	367.5528585994354 	0.022573712291933185	0.023095053382353268	40129.55330801376 	39451.10056908098 	814.4116389595501 	2623.2581577782425	1526.8385562790866	-0.6203520800448546   	2.32020752852958    
2451.5242408506715	30                	16226.194000000001	15914.278792635116	368.06120736488583	0.02260493315855619 	0.02312773404065404 	40616.33912801376 	39928.52893286004 	825.4534751804969 	2619.052483016773 	1523.3902298317741	-0.6278594351032901   	2.348283854213207   
2481.5242408506715	30                	16226.194000000001	15913.781365747192	368.55863425280774	0.02263548324459554 	0.02315971457582627 	41103.12494801376 	40405.942373832455	836.510234208081  	2614.8701340671523	1519.933429891884 	-0.6353665555288874   	2.3763592992283984  
2511.5242408506715	30                	16226.194000000001	15913.294681153282	369.0453188467172 	0.022665373579394438	0.02319100640320521 	41589.91076801376 	40883.34121426705 	847.5815937734826 	2610.7331781247276	1516.4636140649902	-0.642873446358542    	2.4044338825508476  
2541.5242408506715	30                	16226.194000000001	15912.818603271637	369.521396728363  	0.022694612489873263	0.023221618114366634	42076.69658801376 	41360.72577236521 	858.6672356753336 	2606.6209085208225	1512.979421518527 	-0.6503801126087266   	2.432507623007795   
2571.5242408506715	30                	16226.194000000001	15912.352994839142	369.9870051608571 	0.02272320840621539 	0.023251558413821958	42563.48240801376 	41838.09636221038 	869.7668458301592 	2602.5405780285655	1509.4793800287964	-0.6578865592171298   	2.460580539130798   
2601.5242408506715	30                	16226.194000000001	15911.897775298103	370.44222470189663	0.022751166275971183	0.02328083236413053 	43050.26822801376 	42315.45329546932 	880.8801125712162 	2598.4411835835276	1505.9663290060018	-0.6653927910752028   	2.488652649277882   
2631.5242408506715	30                	16226.194000000001	15911.452895144244	370.887104855756  	0.022778489139506728	0.02330944303451641 	43537.054048013764	42792.796882323644	892.0067257168889 	2594.305108436604 	1502.4453220009138	-0.6728988130651156   	2.516723971772239   
2661.5242408506715	30                	16226.194000000001	15911.01824550199 	371.32175449800934	0.022805183683549748	0.023337397316037973	44023.83986801376 	43270.127429688706	903.1463783518292 	2590.0970643081664	1498.9167167284938	-0.6804046300256794   	2.54479452477433    
2691.5242408506715	30                	16226.194000000001	15910.59370393107 	371.7462960689311 	0.022831257427920745	0.023364702976299546	44510.62568801376 	43747.44524080664 	914.2987672338971 	2585.788764590592 	1495.3796017477207	-0.6879102467062971   	2.572864326109062   
2721.5242408506715	30                	16226.194000000001	15910.179097465643	372.16090253435766	0.022856720995529982	0.02339137103702621 	44997.41150801376 	44224.75061373061 	925.4635943099279 	2581.506664898285 	1491.8292177864614	-0.6954156677953593   	2.6009333933723564  
2751.5242408506715	30                	16226.194000000001	15909.77429525785 	372.56570474214834	0.022881582422560172	0.02341740981537351 	45484.19732801376 	44702.04384258834 	936.6405654521923 	2577.2259220127166	1488.264049293534 	-0.7029208979252876   	2.629001743950077   
2781.5242408506715	30                	16226.194000000001	15909.379273057632	372.96072694236784	0.02290584319835895 	0.023442820775162042	45970.983148013765	45179.325220780076	947.8293872604634 	2572.8731846521487	1484.6907897792044	-0.7104259417145841   	2.657069395175848   
2811.5242408506715	30                	16226.194000000001	15908.993952817447	373.3460471825532 	0.022929508116312104	0.023467608843765666	46457.76896801376 	45656.5950393646  	959.0297686759399 	2568.4741007487332	1481.1116074195163	-0.7179308037369546   	2.68513636421517    
2841.5242408506715	30                	16226.194000000001	15908.617573100022	373.72242689997836	0.02295262394102926 	0.023491822918159017	46944.55478801376 	46133.8535665576  	970.2414414829392 	2564.0789720668126	1477.5012161312604	-0.7254354882055961   	2.713202666808719   
2871.5242408506715	30                	16226.194000000001	15908.249871952758	374.09012804724136	0.022975206760652424	0.023515479770454557	47431.340608013765	46611.10106271619 	981.4641453243564 	2559.720894139664 	1473.8583352494206	-0.7329399992024862   	2.7412683184919087  
2901.5242408506715	30                	16226.194000000001	15907.890713873621	374.4492861263777 	0.02299726489720628 	0.023538588041707643	47918.12642801376 	47088.33778413239 	992.6976239081476 	2555.4116552674154	1470.1809857462952	-0.7404443407892249   	2.769333334221049   
2931.5242408506715	30                	16226.194000000001	15907.540106965069	374.7998930349312 	0.023018797853068488	0.02356114713618268 	48404.91224801377 	47565.563987341346	1003.9416206991957	2551.108174343147 	1466.478127414575 	-0.7479485169746678   	2.7973977292571193  
2961.5242408506715	30                	16226.194000000001	15907.198042319482	375.1419576805185 	0.023039806175311317	0.023583157554365734	48891.698068013764	48042.77992861093 	1015.1958794296113	2546.7855279155947	1462.7571437611052	-0.7554525317816886   	2.8254615186983023  
2991.5242408506715	30                	16226.194000000001	15906.864463327136	375.4755366728634 	0.023060293340690798	0.02360462286822853 	49378.48388801377 	48519.98586251074 	1026.4601455297973	2542.442251754771 	1459.02134941818  	-0.7629563892389338   	2.8535247175208367  
3021.5242408506715	30                	15664.734         	15358.070698042922	362.80930195708027	0.023078180226366474	0.023623364489610863	49848.42590801377 	48980.72798345203 	1037.3444245885096	2524.1879377489545	1465.8336856743306	-0.7702013603470539   	2.8806162941883064  
3051.5242408506715	30                	15664.734         	15357.708402032098	363.17159796790355	0.02310122575631285 	0.023647512275975332	50318.36792801377 	49441.45923551299 	1048.2395725275467	2516.1477782321176	1465.7680180630623	-0.7774461601483019   	2.9077072280703926  
3081.5242408506715	30                	15664.734         	15357.35134403278 	363.52865596721944	0.023123938098072082	0.023671312052678365	50788.309948013775	49902.17977583398 	1059.145432206563 	2510.3803328762924	1463.6301157489781	-0.7846907919169588   	2.9347975311685257  
3111.5242408506715	30                	15664.734         	15356.976815046843	363.90318495315825	0.0231477617635373  	0.023696277550969803	51258.25196801378 	50362.889080285386	1070.062527755158 	2505.424962148235 	1460.6618641374669	-0.7919352466201759   	2.961887169868889   
3141.5242408506715	30                	15664.734         	15356.617725915932	364.26227408406896	0.023170603304908437	0.023720214996908955	51728.19398801378 	50823.58761206287 	1080.99039597768  	2500.820656211852 	1457.3158948069238	-0.7991795319719481   	2.988976172835531   
3171.5242408506715	30                	15664.734         	15356.275176533218	364.60482346678316	0.023192392758343245	0.023743050920574552	52198.13600801378 	51284.27586735886 	1091.9285406816837	2496.3808738757953	1453.7873928623212	-0.8064236560497193   	3.0160645706709905  
3201.5242408506715	30                	15664.734         	15355.932926901496	364.94707309850423	0.023214163144716086	0.023765867878933415	52668.07802801379 	51744.953855165906	1102.8769528746388	2492.0264889562386	1450.1653098810268	-0.8136676186811574   	3.0431523625130783  
3231.5242408506715	30                	15664.734         	15355.592253037457	365.2877469625444 	0.023235833297025638	0.02378858079474516 	53138.020048013794	52205.62162275703 	1113.8355852835152	2487.647603035934 	1446.4919003779273	-0.8209114202923932   	3.0702395500329023  
3261.5242408506715	30                	15664.734         	15355.276952292415	365.6030477075862 	0.02325588947359093 	0.023809602968639695	53607.962068013796	52666.27993132581 	1124.8036767147428	2483.261012298647 	1442.7911593609365	-0.8281550734760764   	3.09732618049173    
3291.5242408506715	30                	15664.734         	15354.963054153968	365.9169458460326 	0.02327585643081256 	0.02383053248356995 	54077.9040880138  	53126.92882295043 	1135.7811850901237	2478.8669890854712	1439.0720446211997	-0.8353985785780821   	3.1244122551876563  
3321.5242408506715	30                	15664.734         	15354.658470778184	366.22152922181743	0.02329523087904859 	0.023850841744137933	54547.8461080138  	53587.56857707378 	1146.767830966778 	2474.4625491140873	1435.3390195972484	-0.8426419400072745   	3.1514977906675212  
3351.5242408506715	30                	15664.734         	15354.363032234516	366.5169677654845 	0.023314023627524952	0.023870542007898933	55017.7881280138  	54048.19946804081 	1157.7633399997426	2470.065515167803 	1431.5923706409176	-0.8498851620749851   	3.1785828030403036  
3381.5242408506715	30                	15664.734         	15354.076556550095	366.8034434499055 	0.023332246251476094	0.023889645339395294	55487.730148013805	54508.82176473732 	1168.7674433032398	2465.6731873147737	1427.8312096724558	-0.8571282489880988   	3.205667308238404   
3411.5242408506715	30                	15664.734         	15353.798877296   	367.0811227040021 	0.023349909337390916	0.02390816277050581 	55957.672168013814	54969.4357310562  	1179.7798769843598	2461.2917937449824	1424.0556382184652	-0.8643712048962404   	3.232751321835711   
3441.5242408506715	30                	15664.734         	15353.52985370202 	367.350146297979  	0.023367021839615785	0.02392610362557142 	56427.61418801382 	55430.04162666726 	1190.8003813732994	2456.9162622673066	1420.2675303751048	-0.8716140339065024   	3.259834859102876   
3471.5242408506715	30                	15664.734         	15353.263377467807	367.616622532193  	0.02338397230512497 	0.023943875220150332	56897.55620801382 	55890.6395279913  	1201.828880049265 	2452.5590770021904	1416.4643798244613	-0.878856736983542    	3.2869179237321435  
3501.5242408506715	30                	15664.734         	15353.017201034734	367.86279896526685	0.02339963150696824 	0.02396029354676124 	57367.49822801382 	56351.23004402233 	1212.864764018223 	2448.197960777303 	1412.647555045052 	-0.8860993241524857   	3.314000553348649   
3531.5242408506715	30                	15664.734         	15352.767631962635	368.11236803736614	0.02341550651346274 	0.02397693867723237 	57837.44024801382 	56811.81307298122 	1223.908135059344 	2443.834671814507 	1408.8164458964816	-0.8933417933895514   	3.341082740356971   
3561.5242408506715	30                	15664.734         	15352.531865250307	368.34813474969593	0.023430503556397343	0.023992663749712425	58307.382268013826	57272.38902893873 	1234.9585791018346	2439.4382303994307	1404.9692758113752	-0.9005841513923422   	3.368164509893771   
3591.5242408506715	30                	15664.734         	15352.308989610423	368.57101038957785	0.023444680602458502	0.024007529462767192	58777.32428801383 	57732.95829862704 	1246.015709413522 	2435.028195350798 	1401.1051899862973	-0.9078264044884713   	3.395245885707111   
3621.5242408506715	30                	15664.734         	15352.088412555586	368.79158744441537	0.023458711436281896	0.02402224228612454 	59247.26630801384 	58193.52095100371 	1257.0794570368544	2430.600770158377 	1397.22767648546  	-0.9150685535189405   	3.422326870953341   
3651.5242408506715	30                	15664.734         	15351.875444136522	369.00455586347834	0.023472258287289154	0.024036448003127563	59717.20832801384 	58654.07721432781 	1268.1495937127588	2426.149816424783 	1393.3397763711819	-0.9223106020855486   	3.4494074791503126  
3681.5242408506715	30                	15664.734         	15351.670026760363	369.20997323963815	0.02348532481894386 	0.02405015041334574 	60187.15034801384 	59114.627315130616	1279.2258929099478	2421.650620794447 	1389.448242201823 	-0.9295525537379056   	3.476487723620008   
3711.5242408506715	30                	15664.734         	15351.46775439058 	369.4122456094202 	0.02349819129777851 	0.024063643393561953	60657.092368013844	59575.171347762334	1290.3082602782304	2417.128881689763 	1385.551899328304 	-0.9367944098219613   	3.5035676094138886  
3741.5242408506715	30                	15664.734         	15351.28130573366 	369.59869426634066	0.023510051235448692	0.024076081136517026	61127.034388013846	60035.70978693434 	1301.3962211062205	2412.598044905608 	1381.6464160100522	-0.9440361780998413   	3.5306471656638623  
3771.5242408506715	30                	15664.734         	15351.097504708543	369.7824952914565 	0.02352174275813164 	0.024088342555184442	61596.97640801385 	60496.24271207559 	1312.489695964964 	2408.075898005025 	1377.7265456183957	-0.9512778596894168   	3.5577263965653905  
3801.5242408506715	30                	15664.734         	15350.920540447247	369.9594595527538 	0.023532999396519393	0.024100148168832557	62066.91842801385 	60956.77032828901 	1323.5884797515466	2403.5608892226696	1373.7888959631348	-0.9585194577877238   	3.5848053141172174  
3831.5242408506715	30                	15664.734         	15350.750274537117	370.1297254628842 	0.02354382995499515 	0.02411150717999971 	62536.86044801386 	61417.29283652512 	1334.692371515433 	2399.061207464811 	1369.8329947287507	-0.9657609755697507   	3.6118839302353396  
3861.5242408506715	30                	15664.734         	15350.58663477695 	370.2933652230498 	0.023554239026253608	0.024122424375896193	63006.80246801386 	61877.810435568426	1345.8011724721246	2394.572731557794 	1365.8636593214057	-0.973002416149913    	3.6389622566084174  
3891.5242408506715	30                	15664.734         	15350.42950848245 	370.4504915175518 	0.02356423377810605 	0.024132907246200874	63476.744488013865	62338.3233208229  	1356.914687217651 	2390.08440098026  	1361.8821019467075	-0.9802437826162137   	3.6660403048259846  
3921.5242408506715	30                	15664.734         	15350.278751420536	370.6012485794652 	0.023573823385170882	0.024142965387203102	63946.68650801387 	62798.83168336552 	1368.0327246750348	2385.603606716647 	1357.886669488835 	-0.9874850779547388   	3.6931180860950725  
3951.5242408506715	30                	15664.734         	15350.134254223316	370.7457457766859 	0.02358301480430395 	0.02415260607083497 	64416.62852801387 	63259.335710992214	1379.1550970483354	2381.1120542378453	1353.8785496416258	-0.9947263051461981   	3.7201956116025316  
3981.5242408506715	30                	15664.734         	15349.995889467971	370.88411053203066	0.02359181614082867 	0.02416183777524682 	64886.57054801387 	63719.83558767626 	1390.2816203642965	2376.595464094912 	1349.8572313740642	-1.0019674670599004   	3.7472728920453138  
4011.5242408506715	30                	15664.734         	15349.863536798915	371.0164632010846 	0.023600235050524183	0.024170668508656786	65356.51256801387 	64180.33149378023 	1401.412114260329 	2372.03229663143  	1345.8226108051904	-1.0092085665152069   	3.7743499382201313  
4041.5242408506715	30                	15664.734         	15349.734459097092	371.14554090290943	0.023608445640632674	0.024179280878891575	65826.45458801388 	64640.82352755314 	1412.5464804874164	2367.4575363520103	1341.787385538425 	-1.0164496051048495   	3.801426755889226   
4071.5242408506715	30                	15664.734         	15349.607125353456	371.272874646546  	0.02361654529813509 	0.024187777030025885	66296.39660801388 	65101.31174131375 	1423.6846667268128	2362.844789871613 	1337.7530838696632	-1.023690583619344    	3.8285033480194692  
4101.524240850671 	30                	15664.734         	15349.481489274   	371.3985107260026 	0.023624536967778047	0.02419616004524522 	66766.33862801388 	65561.79618599196 	1434.826622048593 	2358.2030381437908	1333.7134664449509	-1.0309315028608994   	3.855579717837033   
4131.524240850671 	30                	15664.734         	15349.35740515622 	371.5225948437815 	0.023632429917649744	0.024204439641165573	67236.2806480139  	66022.27690814665 	1445.9722998939064	2353.5486428893932	1329.6617239752354	-1.038172363567229    	3.8826558678952026  
4161.524240850671 	30                	15664.734         	15349.234931040755	371.6450689592463 	0.0236402204558044  	0.02421261193987386 	67706.22266801388 	66482.75395607787 	1457.1216519626837	2348.902740841195 	1325.5932334521467	-1.0454131665093598   	3.9097318010877045  
4191.524240850671 	30                	15664.734         	15349.114151636582	371.7658483634193 	0.023647903193931848	0.024220671283741817	68176.16468801389 	66943.22738062697 	1468.2746274135864	2344.2626882276086	1321.5115508241483	-1.0526539124686731   	3.936807520490741   
4221.524240850671 	30                	15664.734         	15348.995161907766	371.8848380922357 	0.02365547209139919 	0.024228611330542188	68646.10670801387 	67403.6972354842  	1479.4311725563532	2339.608163914072 	1317.4214159587416	-1.0598946022810576   	3.9638830292414693  
4251.524240850671 	30                	15664.734         	15348.877954903071	372.00204509692924	0.023662927590372116	0.02423643253858151 	69116.04872801388 	67864.1635741313  	1490.5912339092613	2334.950709154717 	1313.319252869303 	-1.0671352368358076   	3.9909583304620737  
4281.524240850671 	30                	15664.734         	15348.762521904091	372.1174780959094 	0.023670270245425788	0.024244135484203608	69585.99074801386 	68324.62644978843 	1501.7547582521386	2330.293964005727 	1309.2017671502406	-1.0743758169024213   	4.018033427327761   
4311.524240850671 	30                	15664.734         	15348.64890860935 	372.2310913906512 	0.023677497149692077	0.0242517171124984  	70055.93276801387 	68785.0859170467  	1512.921690993858 	2325.618640067105 	1305.070705490756 	-1.0816163433914185   	4.045108323040377   
4341.524240850671 	30                	15664.734         	15348.537109467801	372.3428905321995 	0.023684608656271117	0.024259177788515   	70525.87478801385 	69245.54203033073 	1524.091977709824 	2320.936296810217 	1300.9237595755   	-1.0888568171336048   	4.072183020789806   
4371.524240850671 	30                	15664.734         	15348.427150260224	372.4528497397761 	0.0236916031252561  	0.024266515786502685	70995.81680801386 	69705.99484483854 	1535.2655632020171	2316.2539327218296	1296.7615943010355	-1.0960972390128467   	4.099257523893276   
4401.524240850671 	30                	15664.734         	15348.319057601404	372.5609423985963 	0.023698478863689327	0.024273729325041744	71465.75882801386 	70166.44441656658 	1546.442391473975 	2311.5654110601886	1292.585305472836 	-1.103337609909155    	4.126331835581735   
4431.524240850671 	30                	15664.734         	15348.212829055263	372.6671709447393 	0.023705236026529002	0.024280818561445393	71935.70084801385 	70626.89080143825 	1557.6224066023171	2306.875571789578 	1288.3937404413364	-1.110577930662878    	4.153405959224494   
4461.524240850671 	30                	15664.734         	15348.108507449506	372.771492550495  	0.023711871889518586	0.02428778063235369 	72405.64286801385 	71087.33405666173 	1568.8055513788322	2302.155604844244 	1284.189878226429 	-1.117818202234606    	4.180479898211314   
4491.524240850671 	30                	15664.734         	15348.006097473788	372.87390252621304	0.023718386154350967	0.02429461521960083 	72875.58488801384 	71547.77423958594 	1579.9917684546185	2297.423128716112 	1279.973705484538 	-1.1250584254728282   	4.207553655798453   
4521.524240850671 	30                	15103.274000000001	14799.781878869164	359.63812113083543	0.02372373884560461 	0.024300231184104112	73328.68310801384 	71991.76769595202 	1590.7809120885436	2279.034695025122 	1286.308740753681 	-1.132040030908271    	4.2336567991791885  
4551.524240850671 	30                	15103.274000000001	14799.637411229796	359.78258877020284	0.02373326873786747 	0.024310229958553167	73781.78132801384 	72435.75681828891 	1601.5743897516497	2270.9084892180886	1285.7295953442085	-1.1390215683284057   	4.259759687292795   
4581.524240850671 	30                	15103.274000000001	14799.468498442662	359.951501557337  	0.023744411168589368	0.024321920857847998	74234.87954801384 	72879.74087324219 	1612.37293479837  	2264.9691618669153	1283.0692810014666	-1.1460030259219223   	4.285862275810439   
4611.524240850671 	30                	15103.274000000001	14799.303327470889	360.1166725291114 	0.02375530676827421 	0.024333353034304835	74687.97776801384 	73323.71997306631 	1623.1764349742432	2259.77969531745  	1279.5923890475406	-1.152984405740828    	4.3119645724334745  
4641.524240850671 	30                	15103.274000000001	14799.132045502736	360.28795449726334	0.02376660548340658 	0.02434520844800153 	75141.07598801384 	73767.6939344314  	1633.985073609161 	2254.8952204426737	1275.7579549735276	-1.1599657046220087   	4.33806656529047    
4671.524240850671 	30                	15103.274000000001	14798.96735398622 	360.45264601378   	0.023777469455545132	0.02435660795729029 	75594.17420801384 	74211.662955051   	1644.7986529895743	2250.1502681475436	1271.7524164540964	-1.166946925831579    	4.364168266639426   
4701.524240850671 	30                	15103.274000000001	14798.80955517837 	360.6104448216307 	0.023787878746128196	0.02436753060961222 	76047.27242801384 	74655.62724170634 	1655.616966334223 	2245.4601724624813	1267.6601640658278	-1.1739280727134784   	4.390269689030429   
4731.524240850671 	30                	15103.274000000001	14798.652411066105	360.76758893389365	0.02379824484933419 	0.02437840817614715 	76500.37064801384 	75099.58681403832 	1666.4399940022397	2240.790637733815 	1263.5203505407621	-1.1809091454712892   	4.416370833227539   
4761.524240850671 	30                	15103.274000000001	14798.4994136082  	360.92058639179845	0.023808337416061993	0.024388998931871974	76953.46886801384 	75543.54179644656 	1677.267611593994 	2236.110224090913 	1259.3542445412359	-1.1878901460641356   	4.442471706583512   
4791.524240850671 	30                	15103.274000000001	14798.347657525284	361.0723424747158 	0.023818348094763242	0.02439950397374957 	77406.56708801384 	75987.49222617231 	1688.0997818682351	2231.4331427420875	1255.1656326417997	-1.1948710749366722   	4.468572310767174   
4821.524240850671 	30                	15103.274000000001	14798.205611959072	361.2143880409291 	0.023827718213554942	0.02440933701779465 	77859.66530801382 	76431.43839453108 	1698.936213509463 	2226.7622052479996	1250.9565235297075	-1.2018519369353662   	4.4946726638959165  
4851.524240850671 	30                	15103.274000000001	14798.06192511785 	361.3580748821498 	0.02383719660001173 	0.02441928387046346 	78312.76352801382 	76875.38025228461 	1709.7769557559277	2222.0978794401512	1246.7280464609942	-1.2088327310225235   	4.520772762290601   
4881.524240850671 	30                	15103.274000000001	14797.924773353569	361.4952266464308 	0.023846243896298858	0.02442877850665727 	78765.86174801382 	77319.31799548521 	1720.6218125553205	2217.4369258839506	1242.4793408381702	-1.2158134604324766   	4.546872617874534   
4911.524240850671 	30                	15103.274000000001	14797.793720729296	361.6262792707046 	0.023854888859250852	0.024437851080740848	79218.95996801382 	77763.2518071071  	1731.4706009334416	2212.7542842268076	1238.2124386272126	-1.2227941281110812   	4.572972241775561   
4941.524240850671 	30                	15103.274000000001	14797.663666824414	361.7563331755866 	0.023863467941094486	0.024446854673864857	79672.05818801382 	78207.18171711183 	1742.3232909287094	2208.0553545826738	1233.9295949697826	-1.2297747344402448   	4.599071635427014   
4971.524240850671 	30                	15103.274000000001	14797.537173519002	361.8828264809987 	0.02387181214591315 	0.024455611919570488	80125.15640801382 	78651.1078323174  	1753.1797757231393	2203.3246128137735	1229.637901112771 	-1.236755281100113    	4.62517080513462    
5001.524240850671 	30                	15103.274000000001	14797.414185452866	362.0058145471351 	0.0238799251255744  	0.024464126637951247	80578.25462801382 	79095.03025788098 	1764.0399501595534	2198.566993120271 	1225.3417935087646	-1.243735769739057    	4.651269757084853   
5031.524240850671 	30                	15103.274000000001	14797.29458280835 	362.1254171916494 	0.02388781478391979 	0.024472407112335955	81031.35284801382 	79538.94909536524 	1774.903712675303 	2193.7896537126003	1221.0397168997104	-1.2507162019558091   	4.677368497277888   
5061.524240850671 	30                	15103.274000000001	14797.176281097712	362.2437189022862 	0.023895618625401648	0.024480597650581856	81484.45106801382 	79982.86438379817 	1785.7710242423716	2189.0020677073744	1216.7286831649672	-1.2576965783057368   	4.703467027726264   
5091.524240850671 	30                	15103.274000000001	14797.063131953404	362.3568680465967 	0.023903082574834436	0.024488431576946367	81937.54928801382 	80426.77627775677 	1796.6417302837694	2184.2143345601044	1212.4018208511823	-1.2646769012679253   	4.729565357949604   
5121.524240850671 	30                	15103.274000000001	14796.952885949384	362.4671140506171 	0.0239103550169213  	0.024496064618466273	82390.64750801382 	80870.68486433526 	1807.515743705288 	2179.431109135333 	1208.0544921673973	-1.2716571722216912   	4.755663492909188   
5151.524240850671 	30                	15103.274000000001	14796.847145492786	362.5728545072135 	0.023917330247939135	0.024503385818759067	82843.74572801382 	81314.59027870004 	1818.3929293405045	2174.63307156263  	1203.6865263975235	-1.2786373933704136   	4.781761440946286   
5181.524240850671 	30                	15103.274000000001	14796.742287427167	362.67771257283323	0.023924247271520496	0.024510646027876115	83296.84394801382 	81758.49254732285 	1829.2732607176893	2169.8229677266754	1199.2994617709737	-1.2856175650483646   	4.807859203315448   
5211.524240850671 	30                	15103.274000000001	14796.638458559852	362.781541440148  	0.023931096403434167	0.024517835078296378	83749.9421680138  	82202.39170107966 	1840.1567069608936	2165.0132872656613	1194.892132905189 	-1.2925976876932102   	4.833956781587466   
5241.524240850671 	30                	15103.274000000001	14796.538784570726	362.8812154292735 	0.023937671456379827	0.024524736542283276	84203.0403880138  	82646.28786461677 	1851.0431434237719	2160.2066931856057	1190.4634926545598	-1.2995777633070573   	4.860054183491832   
5271.524240850671 	30                	15103.274000000001	14796.442967077393	362.9770329226056 	0.023943992113326606	0.02453137106872525 	84656.1386080138  	83090.18115362909 	1861.9324544114502	2155.3749234141114	1186.0212713982307	-1.3065577937972839   	4.886151415899872   
5301.524240850671 	30                	15103.274000000001	14796.348101727932	363.0718982720683 	0.02395024996154657 	0.02453793975215198 	85109.2368280138  	83534.07159668094 	1872.8246113596122	2150.5190512206136	1181.5781142106005	-1.3135377795190641   	4.912248480431803   
5331.524240850671 	30                	15103.274000000001	14796.255553089348	363.1644469106514 	0.023956354986579394	0.024544348102640428	85562.3350480138  	83977.95926327363 	1883.7195447669314	2145.6452561296765	1177.1287851930788	-1.3205177215916535   	4.938345381072872   
5361.524240850671 	30                	15103.274000000001	14796.16392207142 	363.2560779285783 	0.023962399480229345	0.024550692993250068	86015.4332680138  	84421.84418093578 	1894.617227104789 	2140.746993567476 	1172.6695725944835	-1.3274976203886761   	4.964442119225321   
5391.524240850671 	30                	15103.274000000001	14796.075636765505	363.3443632344943 	0.02396822327203114 	0.0245568062879897  	86468.5314880138  	84865.72645003872 	1905.5175580018238	2135.8235119570536	1168.1941466752723	-1.3344774775434685   	4.99053870116281    
5421.524240850671 	30                	15103.274000000001	14795.99026653401 	363.4297334659886 	0.02397385476924504 	0.02456271779848384 	86921.6297080138  	85309.60615803476 	1916.4204500058036	2130.8992479499516	1163.6975530277168	-1.3414572944613292   	5.016635132159538   
5451.524240850671 	30                	15103.274000000001	14795.905363368794	363.5146366312052 	0.023979455456158955	0.024568597034364825	87374.7279280138  	85753.48331893583 	1927.3258891047394	2125.979199665493 	1159.1769947970793	-1.348437071333809    	5.042731412790802   
5481.524240850671 	30                	15103.274000000001	14795.822005664168	363.5979943358327 	0.023984954195861892	0.024574369318354827	87827.8261480138  	86197.35797910576 	1938.2338289348145	2121.0530771349613	1154.6346150432873	-1.3554168088757577   	5.068827545811299   
5511.524240850671 	30                	15103.274000000001	14795.740095289964	363.67990471003543	0.02399035746156749 	0.024580041442185667	88280.9243680138  	86641.23018196446 	1949.1442260761157	2116.1231032207834	1150.0756158168522	-1.3623965077839653   	5.094923533836143   
5541.524240850671 	30                	15103.274000000001	14795.659572248816	363.7604277511833 	0.023995669211037313	0.024585617557291144	88734.0225880138  	87085.09996913192 	1960.057038908651 	2111.183121489654 	1145.508753172303 	-1.3693761687016546   	5.1210193792793985  
5571.524240850671 	30                	15103.274000000001	14795.580298331153	363.83970166884643	0.024000898561346438	0.024591107231521376	89187.1208080138  	87528.96737808186 	1970.9722299587165	2106.222489350391 	1140.935515444947 	-1.3763557922309855   	5.1471150844010225  
5601.524240850671 	30                	15103.274000000001	14795.501193098255	363.9188069017463 	0.024006116784266566	0.02459658528306602 	89640.2190280138  	87972.8324138748  	1981.889794165769 	2101.2314670626083	1136.3530161502795	-1.3833353784113793   	5.173210649348969   
5631.524240850671 	30                	15103.274000000001	14795.42473172526 	363.9952682747404 	0.02401116060342285 	0.024601880302512667	90093.31724801379 	88416.69515582657 	1992.809652214011 	2096.223083140395 	1131.7555527393224	-1.3903149285498642   	5.199306079028622   
5661.524240850671 	30                	15103.274000000001	14795.347144541356	364.0728554586449 	0.024016278687353794	0.02460725334132948 	90546.41546801379 	88860.5555701628  	2003.7318378777704	2091.1963684220395	1127.1381354882117	-1.3972944420576612   	5.2254013712302445  
5691.524240850671 	30                	15103.274000000001	14795.270832763299	364.1491672367017 	0.02402131263839261 	0.024612538111185755	90999.51368801379 	89304.41369514569 	2014.6563128948715	2086.162294980605 	1122.4978279687132	-1.4042739195711471   	5.25149652834221    
5721.524240850671 	30                	15103.274000000001	14795.195581572432	364.22441842756825	0.024026276627177573	0.024617749486273335	91452.61190801379 	89748.26956259286 	2025.5830454476986	2081.119940827176 	1117.8368564112664	-1.4112533616033995   	5.277591552290147   
5751.524240850671 	30                	15103.274000000001	14795.119677082706	364.30032291729356	0.024031283711203565	0.024623006158009404	91905.71012801379 	90192.12315290535 	2036.5120551352172	2076.0669156725967	1113.1691059202037	-1.4182327678368458   	5.303686441882175   
5781.524240850671 	30                	15103.274000000001	14795.042851129483	364.3771488705178 	0.0240363515801078  	0.02462832669948641 	92358.80834801379 	90635.97443843924 	2047.4433696013327	2071.007137711187 	1108.4851774340475	-1.4252121377999947   	5.329781195348747   
5811.524240850671 	30                	15103.274000000001	14794.966431810759	364.453568189241  	0.024041392625129526	0.024633619134520435	92811.90656801379 	91079.82343139357 	2058.37697664701  	2065.940566262003 	1103.780493182379 	-1.4321914717262398   	5.3558758134940065  
5841.524240850671 	30                	15103.274000000001	14794.88942964133 	364.5305703586702 	0.024046472118238706	0.024638951990295983	93265.00478801379 	91523.6701142828  	2069.31289375777  	2060.8654240468413	1099.0594088040225	-1.4391707693001783   	5.381970295349633   
5871.524240850671 	30                	15103.274000000001	14794.812460092338	364.60753990766125	0.02405154945952162 	0.024644282642389482	93718.10300801379 	91967.51448808557 	2080.251119955    	2055.7784216241444	1094.3204583955603	-1.446150030617061    	5.408064640985893   
5901.524240850671 	30                	15103.274000000001	14794.732704457576	364.6872955424243 	0.02405681058658077 	0.024649806307926462	94171.20122801379 	92411.3564692193  	2091.191738821273 	2050.682753211273 	1089.5616241145342	-1.4531292542690963   	5.434158845406447   
5931.524240850671 	30                	15103.274000000001	14794.653420276274	364.7665797237258 	0.024062040613936797	0.024655297380863833	94624.29944801379 	92855.1960718276  	2102.1347362129845	2045.5731336493259	1084.7885676106823	-1.4601084405460143   	5.460252909483258   
5961.524240850671 	30                	15103.274000000001	14794.57090531553 	364.84909468447125	0.024067483761547027	0.024661012273994705	95077.39766801379 	93299.03319898705 	2113.0802090535185	2040.4452389237294	1080.0078132351289	-1.4670875878804446   	5.486346827333858   
5991.524240850671 	30                	15103.274000000001	14794.487498840615	364.9325011593849 	0.024072985718410395	0.02466678897717702 	95530.49588801379 	93742.86782395227 	2124.0281840883003	2035.2893051794924	1075.2224183951826	-1.4740666960476725   	5.5124405983302855  
6021.524240850671 	30                	14541.814         	14246.457209945696	351.50279005430286	0.02407889801412683 	0.024672996582540727	95966.75030801378 	94170.26154025065 	2134.5732677899296	2016.6333726582257	1081.0050189557396	-1.48078727786166     	5.537564098194458   
6051.524240850671 	30                	14541.814         	14246.299918583823	351.66008141617783	0.02408967290060925 	0.02468430985068965 	96403.00472801378 	94597.65053780816 	2145.123070232415 	2008.2768508799052	1079.830872857832 	-1.4875077853331176   	5.562687319116714   
6081.524240850671 	30                	14541.814         	14246.124689064685	351.8353109353159 	0.024101676599697208	0.024696913624895084	96839.25914801379 	95025.03427848012 	2155.6781295604746	2002.0535955016014	1076.5709386290675	-1.4942282102898548   	5.587810230354333   
6111.524240850671 	30                	14541.814         	14245.931770556821	352.0282294431804 	0.024114892042667632	0.024710790077679904	97275.51356801379 	95452.41223159681 	2166.2389764437703	1996.53854083993  	1072.5010565878245	-1.5009485442243893   	5.612932800049833   
6141.524240850671 	30                	14541.814         	14245.724972471276	352.23502752872446	0.02412905827449345 	0.024725665293229403	97711.76798801379 	95879.78398077094 	2176.806027269632 	1991.3001804450575	1068.0781843782656	-1.5076687804713274   	5.638055002972018   
6171.524240850671 	30                	14541.814         	14245.518441407416	352.4415585925857 	0.024143206214607086	0.02474052173265556 	98148.02240801379 	96307.14953401317 	2187.3792740274093	1986.1641271845224	1063.5009791153293	-1.5143889194326474   	5.663176840916764   
6201.524240850671 	30                	14541.814         	14245.295460152085	352.66453984791553	0.024158481037618647	0.024756561970540585	98584.2768280138  	96734.50839781773 	2197.9592102228467	1981.062622209444 	1058.8446561446378	-1.5211089530440438   	5.688298283330841   
6231.524240850671 	30                	14541.814         	14245.06915514248 	352.8908448575208 	0.024173983546846325	0.02477284181734751 	99020.5312480138  	97161.860472472   	2208.5459355685725	1975.9756571269636	1054.1390941651487	-1.5278288798761042   	5.713419325136764   
6261.524240850671 	30                	14541.814         	14244.834950507497	353.12504949250354	0.024190027201917496	0.024789690489177823	99456.78566801379 	97589.20552098725 	2219.1396870533476	1970.894578015493 	1049.3965995697324	-1.5345486962365404   	5.738539952261655   
6291.524240850671 	30                	14541.814         	14244.592576147244	353.36742385275556	0.024206630505410043	0.024807127474075596	99893.0400880138  	98016.54329827166 	2229.74070976893  	1965.8096476758915	1044.6236996518937	-1.5412683982397735   	5.763660150194414   
6321.524240850671 	30                	14541.814         	14244.347110930634	353.61288906936727	0.024223445540977454	0.024824787427288726	100329.2945080138 	98443.87371159958 	2240.349096441011 	1960.7167172322359	1039.8280968959218	-1.5479879846474625   	5.788779914287445   
6351.524240850671 	30                	14541.814         	14244.082172251105	353.8778277488966 	0.0242415945617673  	0.024843849078481587	100765.5489280138 	98871.19617676712 	2250.9654312734774	1955.6181148734279	1035.0084691127065	-1.554707445870506    	5.813899208480243   
6381.524240850671 	30                	14541.814         	14243.819409202819	354.1405907971821 	0.024259594545894225	0.024862754899038855	101201.8033480138 	99298.5107590432  	2261.589648997393 	1950.5036690971392	1030.1749071522238	-1.5614267833298268   	5.8390180383210675  
6411.524240850671 	30                	14541.814         	14243.535627416188	354.4243725838133 	0.024279034370817104	0.024883173802831057	101638.05776801381	99725.8168278657  	2272.2223801749074	1945.377023437914 	1025.325799916476 	-1.5681459867024479   	5.8641363648515075  
6441.524240850671 	30                	14541.814         	14243.247911095666	354.7120889043356 	0.024298743722022495	0.02490387663813746 	102074.3121880138 	100153.11426519856	2282.863742842037 	1940.2433860487629	1020.4580858075602	-1.5748650543423164   	5.889254181965593   
6471.524240850671 	30                	14541.814         	14242.949487280977	355.01051271902406	0.02431918656572727 	0.02492535082259824 	102510.5666080138 	100580.40274981699	2293.514058223608 	1935.099794906063 	1015.5708711170372	-1.5815839811942463   	5.914371470618989   
6501.524240850671 	30                	14541.814         	14242.640017561915	355.31998243808505	0.024340386083951802	0.024947620806252006	102946.82102801382	101007.68195034385	2304.1736576967505	1929.920385766441 	1010.6659973779952	-1.588302762027949    	5.939488211397394   
6531.524240850671 	30                	14541.814         	14242.326028161197	355.63397183880477	0.024361895212673877	0.02497021702323157 	103383.07544801381	101434.95173118869	2314.842676851915 	1924.7186971435178	1005.7474745658276	-1.5950213950337069   	5.964604397221571   
6561.524240850671 	30                	14541.814         	14241.992630102808	355.9673698971926 	0.02438473388728237 	0.024994211073020547	103819.32986801381	101862.21151009177	2325.5216979488305	1919.4997640323809	1000.815412010581 	-1.601739870736142    	5.989719992816854   
6591.524240850671 	30                	14541.814         	14241.646103918614	356.31389608138534	0.02440847187424718 	0.025019151120694184	104255.58428801382	102289.46089320933	2336.211114831272 	1914.2670172541646	995.8689303948262 	-1.6084581829776958   	6.014834974857996   
6621.524240850671 	30                	14541.814         	14241.285675538857	356.6743244611447 	0.024433162199454215	0.02504509301950008 	104691.83870801382	102716.6994634755 	2346.9113445651064	1909.0215350166475	990.9055819311083 	-1.615176325194785    	6.039949318783125   
6651.524240850671 	30                	14541.814         	14240.901212314255	357.0587876857459 	0.024459498976962937	0.02507276627809155 	105128.09312801382	103143.92649984492	2357.623108195679 	1903.7603416027448	985.9198888681638 	-1.6218942857159369   	6.065062980788233   
6681.524240850671 	30                	14541.814         	14240.509400971954	357.4505990280466 	0.024486339120537843	0.025100969983816   	105564.34754801381	103571.14178187407	2368.3466261665203	1898.4895309724911	980.9029558525963 	-1.6286120613949957   	6.09017594899373    
6711.524240850671 	30                	14541.814         	14240.10948216206 	357.8505178379391 	0.02451373464771373 	0.025129758888876676	106000.60196801383	103998.34506633894	2379.082141701658 	1893.2116903399665	975.8666884154496 	-1.6353296487456268   	6.115288210530521   
6741.524240850671 	30                	14541.814         	14239.67192223294 	358.2880777670619 	0.02454370869402724 	0.025161259312979897	106436.85638801382	104425.53522400593	2389.83078403467  	1887.9291168883367	970.8052838474849 	-1.6420470293199798   	6.140399695946871   
6771.524240850671 	30                	14541.814         	14239.224466349544	358.73553365045706	0.024574360640148146	0.02519347415993258 	106873.11080801382	104852.71195799642	2400.5928500441837	1882.6428417444401	965.7099936776567 	-1.648764198796514    	6.165510389095482   
6801.524240850671 	30                	14541.814         	14238.756224178274	359.2037758217277 	0.024606436503574993	0.025227187695774846	107309.36522801383	105279.87464472176	2411.368963318836 	1877.337675554475 	960.5832264045741 	-1.655481147368313    	6.190620253098374   
6831.524240850671 	30                	14541.814         	14238.277884862526	359.6821151374752 	0.024639204048885952	0.025261630517822136	107745.61964801383	105707.02298126763	2422.15942677296  	1872.0063929700682	955.438223618612  	-1.6621978706940204   	6.215729271877487   
6861.524240850671 	30                	14541.814         	14237.753151998708	360.206848001293  	0.024675149678536793	0.025299416569160484	108181.87406801383	106134.1555758276 	2432.965632212999 	1866.6598273546529	950.2714115606854 	-1.6689143460292277   	6.240837359855744   
6891.524240850671 	30                	14541.814         	14237.22921300532 	360.7307869946814 	0.02471104092590207 	0.02533714823282916 	108618.12848801384	106561.27245221776	2443.787555822839 	1861.2981129887514	945.0804129547978 	-1.675630574671402    	6.2659445219744505  
6921.524240850671 	30                	14541.814         	14236.66753585909 	361.2924641409109 	0.024749517339471467	0.02537760070823409 	109054.38290801384	106988.37247829352	2454.6263297470664	1855.9223118435864	939.8674158222782 	-1.6823465383465854   	6.291050689649918   
6951.524240850671 	30                	14541.814         	14236.064791626406	361.89520837359487	0.02479080696025985 	0.025421014421517674	109490.63732801384	107415.45442204231	2465.483185998274 	1850.5357199343612	934.6356590713558 	-1.6890622171379819   	6.316155788132748   
6981.524240850671 	30                	14541.814         	14235.447542585347	362.51245741465436	0.024833090199908366	0.0254654766792683  	109926.89174801383	107842.51784831987	2476.358559720714 	1845.141154104096 	929.3845339834622 	-1.6957776047292261   	6.341259793717091   
7011.524240850671 	30                	14541.814         	14234.816299030743	363.1437009692589 	0.024876332101831957	0.02551095099091553 	110363.14616801385	108269.56233729079	2487.252870749792 	1839.7381672420001	924.1088337095647 	-1.7024926951159758   	6.366362683796349   
7041.524240850671 	30                	14541.814         	14234.12126562775 	363.83873437225077	0.024923943782025074	0.02556102534062575 	110799.40058801384	108696.58597525963	2498.1680327809595	1834.329659304946 	918.8044389083956 	-1.7092074569847477   	6.391464341063818   
7071.524240850671 	30                	14541.814         	14233.427150630227	364.53284936977576	0.02497149254894353 	0.025611038403609985	111235.65500801384	109123.58878977854	2509.1040182620523	1828.9124952681038	913.4886301215386 	-1.7159218920679988   	6.416564771734332   
7101.524240850671 	30                	14541.814         	14232.662350629053	365.29764937094916	0.025023883431037564	0.025666150181297864	111671.90942801385	109550.56866029742	2520.062947743181 	1823.4861662661463	908.1549278049324 	-1.7226359656495063   	6.441663845802229   
7131.524240850671 	30                	14541.814         	14231.879159883874	366.08084011612783	0.025077534129161045	0.025722593341574923	112108.16384801385	109977.52503509393	2531.0453729466653	1818.0488160395314	902.8026268096709 	-1.729349669737349    	6.466761533057749   
7161.524240850671 	30                	14541.814         	14231.077136289194	366.882863710806  	0.025132474928743882	0.025780400190176474	112544.41826801385	110404.4573491826 	2542.0518588579894	1812.5892214191433	897.4363113302596 	-1.7360629962197782   	6.4918578031286245  
7191.524240850671 	30                	14541.814         	14230.184364789051	367.7756352109506 	0.025193632206894016	0.02584475547069994 	112980.67268801384	110831.36288012628	2553.085127914318 	1807.1103140791809	892.078903501657  	-1.742775901524553    	6.516952492484598   
7221.524240850671 	30                	14541.814         	14229.196014654923	368.7639853450778 	0.025261336881665503	0.025916009939372587	113416.92710801386	111258.23876056593	2564.1480474746704	1801.6175688930693	886.7000840453632 	-1.749488339708541    	6.542045428625453   
7251.524240850671 	30                	14541.814         	14228.155874190457	369.8041258095439 	0.02533258933505393 	0.025991008889659408	113853.18152801385	111685.08343679164	2575.2421712489568	1796.1140870323743	881.2925396523384 	-1.7562002871299702   	6.567136523037059   
7281.524240850671 	30                	14541.814         	14227.068659070288	370.89134092971364	0.025407066530509306	0.02606941386293631 	114289.43594801385	112111.89549656375	2586.368911476848 	1790.5967319899023	875.8640626050737 	-1.7629117226815072   	6.592225696214615   
7311.524240850671 	30                	14541.814         	14225.844300852228	372.11569914777215	0.025490938401514465	0.02615772331526782 	114725.69036801386	112538.67082558932	2597.5323824512816	1785.0631831244802	870.4094806149377 	-1.7696225794907263   	6.617312697467539   
7341.524240850671 	30                	14541.814         	14224.602999669494	373.35700033050546	0.02557597091172366 	0.026247270334306013	115161.94478801386	112965.40891557939	2608.7330924611965	1779.5175404604477	864.9337003101435 	-1.7763328519081185   	6.642397505305537   
7371.524240850671 	30                	14541.814         	14223.24607258702 	374.7139274129805 	0.025668924110833328	0.026345176445704634	115598.19920801386	113392.106297757  	2619.974510283586 	1773.960714191894 	859.4357440188261 	-1.7830424842060335   	6.667479910793494   
7401.524240850671 	30                	14541.814         	14221.764115393817	376.19588460618473	0.025770442212897194	0.026452125176157686	116034.45362801387	113818.7592212188 	2631.2603868217716	1768.3927760424651	853.9106088132651 	-1.7897514160052939   	6.692559687251515   
7431.524240850671 	30                	14541.814         	14220.230501873131	377.7294981268693 	0.02587549891401739 	0.026562825270456315	116470.70804801387	114245.36613627501	2642.5922717655776	1762.8140194884234	848.3574140930906 	-1.796459624238476    	6.717636748177436   
7461.524240850671 	30                	14541.814         	14218.649627364828	379.3103726351725 	0.02598379312144796 	0.02667696177738018 	116906.96246801387	114671.92562509594	2653.971582944633 	1757.2217985896398	842.7891274854247 	-1.8031670882269981   	6.742711015819207   
7491.524240850671 	30                	14541.814         	14216.931601928509	381.0283980714921 	0.02610148254081338 	0.026801029134852567	117343.21688801386	115098.43357315382	2665.402434886778 	1751.607545036939 	837.2129319043655 	-1.8098737417635657   	6.767782241767123   
7500.0            	8.475759149328951 	14541.814         	14216.432934642877	381.52706535712343	0.026135642607400172	0.02683704605164429 	117466.4698010722 	115218.92863467043	2668.636166401695 	1750.0178857769067	835.6360717949472 	-1.8117684745931943   	6.774865247878544   