TIME              	DT                	WATINJ            	OILPROD           	WATPROD           	WC                  	WOR                 	CUMINJ            	CUMOPROD          	CUMWPROD          	PWBINJ            	PWBPROD           	MBEO                  	MBEW                 
Days              	Days              	SCF/D             	SCF/D             	SCF/D             	dec.                	SCF/SCF             	MSCF              	MSCF              	MSCF              	psia              	psia              	dec.                  	dec.                 
3                 	3                 	17685.99          	16576.835750502716	266.9642494972818 	0.01584940746727471 	0.016104656733972027	53.057970000000005	49.73050725150815 	0.8008927484918454	2374.4595923292404	2192.8932364796765	-0.0007825925235843507	0.0030841021837252195
4.643147335166833 	1.643147335166833 	17685.99          	16576.277011480055	267.522988519943  	0.015882579258833695	0.016138906724029012	82.11865733828726 	76.96777264990885 	1.240472434174257 	2413.049432084074 	2154.2857893078663	-0.0012108867673122335	0.004773194553913097 
6.7711659630944006	2.1280186279275672	17685.99          	16575.653234023386	268.1467659766127 	0.015919612318871793	0.01617714621504095 	119.75477351162793	112.24107150197844	1.811093747191023 	2453.5552033527274	2113.868839705217 	-0.0017655441787836864	0.0069606376705153876
9.397975132846458 	2.626809169752058 	17685.99          	16574.986389999176	268.8136100008214 	0.015959202199077493	0.01621802900321023 	166.21249421977114	155.78039773974385	2.517215802895334 	2494.138234416596 	2073.878380674933 	-0.002450181304698961 	0.009660696618553047 
12.634314436357396	3.236339303510939 	17685.99          	16574.270030329506	269.5299696704922 	0.016001731774925625	0.016261951155452113	223.45035877827257	209.42035926590268	3.389506237214059 	2534.4824027930786	2034.70150155268  	-0.0032936465562509913	0.01298714583716446  
16.281492078857674	3.647177642500278 	17685.99          	16573.553282676665	270.2467173233325 	0.016044284384956635	0.016305900896086363	287.9543060917561 	269.8670522552681 	4.37514402259481  	2571.7543402495303	1999.2322249743063	-0.004244144724681998 	0.016735718219842172 
19.95379437180798 	3.672302292950304 	17685.99          	16572.896669910442	270.9033300895569 	0.01608326684534113 	0.016346166604743625	352.90260772185223	330.7277386970087 	5.369982942850562 	2603.343323915966 	1969.7504120878768	-0.005201152764698081 	0.0205099713551051   
23.6572834347527  	3.703489062944719 	17685.99          	16572.28348159617 	271.5165184038298 	0.01611967123830904 	0.016383772260796407	418.4024782542019 	392.1030093191195 	6.375541399167975 	2630.66920975668  	1944.6965982133324	-0.0061662524205843994	0.02431614312942968  
27.39870301452121 	3.741419579768512 	17685.99          	16571.702465216542	272.0975347834556 	0.016154165614852684	0.01641940744196798 	484.5731875277921 	454.10470139257876	7.39357244341354  	2654.8152742512493	1923.0421561765504	-0.007141202285364322 	0.028161168766167453 
31.185191790008417	3.7864887754872054	17685.99          	16571.145747543822	272.6542524561765 	0.016187217400834522	0.01645355466724981 	551.5409901461711 	516.851158762616  	8.425974709927706 	2676.210154083125 	1904.0864862341755	-0.00812786326258801  	0.032052387186701586 
35.02906801837451 	3.843876228366093 	17685.99          	16570.60693883836 	273.19306116164074	0.016219205948873813	0.01648660560050628 	619.5237466822915 	580.546520864415  	9.4760950234815   	2695.513283194895 	1887.3181731311379	-0.00912944535065499  	0.036002458154374764 
38.94066883750544 	3.911600819130933 	17685.99          	16570.08142326193 	273.71857673807017	0.01625040529678993 	0.01651884319372203 	688.704279653433  	645.3620649327125 	10.546772832461489	2713.0063389269526	1872.3774927069253	-0.01014864182335307  	0.04002200342813898  
42.935729104284746	3.995060266779305 	17685.99          	16569.564890865164	274.235109134836  	0.016281071322079104	0.01655053170925583 	759.3608755810892 	711.5584752660294 	11.642358620721959	2728.8770426479805	1858.982077731437 	-0.011189551823437362 	0.04412718943719126  
47.03357010212377 	4.097840997839022 	17685.99          	16569.053353009775	274.74664699022486	0.016311440826311453	0.016581915764084194	831.8352504904601 	779.4558213913749 	12.768226694777308	2743.514533079205 	1846.9115029175548	-0.012257208299414433 	0.048337865728382105 
51.25220616844059 	4.218636066316816 	17685.99          	16568.543558578604	275.2564414213945 	0.016341706825146022	0.016613194783730797	906.4460057729787 	849.3524768139358 	13.929433446043625	2756.818137742459 	1836.0025150683298	-0.013356303054224528 	0.05267253632404304  
55.62491173096369 	4.372705562523105 	17685.99          	16568.030925383944	275.76907461605566	0.016372141358604098	0.016644649919958128	983.7816326247067 	921.799597801417  	15.1352904125891  	2769.1315367516036	1826.0986763468165	-0.01449550277920591  	0.05716538179807052  
60.179438092245384	4.554526361281697 	17685.99          	16567.511967842584	276.28803215741647	0.016402951362365765	0.01667649510039223 	1064.3329403050711	997.2567677998061 	16.3936515383567  	2780.5810584294263	1817.0954041311184	-0.015682034227023245 	0.06184490411186695  
64.95273186951452 	4.77329377726914  	17685.99          	16566.9825166102  	276.8174833897994 	0.016434384366342477	0.01670898626906015 	1148.7533663169154	1076.335842354468 	17.71498270926053 	2791.0600346555934	1808.900206069871 	-0.016925518558415398 	0.066749048618665    
69.99874334929223 	5.046011479777697 	17685.99          	16566.436939575407	277.3630604245938 	0.01646677474350169 	0.016742469212676855	1237.997074888149 	1159.9302733305788	19.114559896229306	2800.970020033761 	1801.4249371382807	-0.018240004920467803 	0.07193322436443494  
75.36204112756637 	5.36329777827414  	17685.99          	16565.870995033998	277.9290049660012 	0.0165003743196904  	0.016777204473541828	1332.8523057617278	1248.7779724334207	20.605175911081403	2810.1794910810772	1794.6229387936348	-0.019637096662111476 	0.07744319494367251  
81.11733552453923 	5.755294396972853 	17685.99          	16565.277653958536	278.52234604146213	0.01653560040142142 	0.016813623765304337	1434.6403849136457	1344.1160220995478	22.208154008685565	2818.6697153187083	1788.435412085509 	-0.021136246354502522 	0.08335568065533981  
87.3424949730365  	6.225159448497269 	17685.99          	16564.65002591383 	279.1499740861675 	0.01657286206712069 	0.01685215043176063 	1544.7384926681739	1447.2336097194159	23.945907107415838	2826.8284366508788	1782.8286169642126	-0.022757725939978848 	0.08975063405579958  
94.11591729020967 	6.773422317173172 	17685.99          	16563.981560427226	279.81843957277437	0.016612548211969648	0.016893187097073607	1664.5331720354754	1559.4284520820586	25.84123557077464 	2834.3849592164197	1777.787067764283 	-0.024521941446525638 	0.09670853720516263  
101.57731475645608	7.461397466246412 	17685.99          	16563.260212821693	280.5397871783044 	0.016655373916711454	0.016937473877343137	1796.495373009535 	1683.0135198667865	27.934454428008145	2841.6008969602867	1773.2741735355387	-0.02646526331060825  	0.10437283555102214  
109.18821659783787	7.6109018413817875	17685.99          	16562.537836466006	281.2621635339948 	0.01669826069734827 	0.016981827683118428	1931.1017068671947	1809.069369584301 	30.075113146360053	2848.155224656257 	1769.5447059107123	-0.028447437169065923 	0.11219037937180991  
116.41077840238455	7.222561804546679 	17685.99          	16561.862873461625	281.93712653837434	0.016738332593498755	0.01702327381240092 	2058.8398627167894	1928.6884477863046	32.11142146777976 	2853.4403227149887	1766.6470720346294	-0.030328395580508725 	0.11960875167916114  
123.37778337738631	6.967004975001762 	17685.99          	16561.22051308554 	282.57948691446137	0.01677646890336274 	0.01706272111353064 	2182.058243034621 	2044.0705534930728	34.08015415894626 	2857.886154285385 	1764.3419847408832	-0.03214272941213155  	0.12676437470318874  
130.20401909575898	6.826235718372669 	17685.99          	16560.598642715875	283.20135728412595	0.016813388741502865	0.01710091304028379 	2302.7869796874024	2157.117103465614 	36.013353379530784	2861.9661405016022	1762.4711138172872	-0.03392033763723293  	0.13377516686690366  
136.96570861757877	6.761689521819793 	17685.99          	16559.98932630343 	283.81067369657103	0.016849563263430522	0.017138336752776404	2422.3741529534122	2269.0906097747275	37.9323930380455  	2865.5754219569703	1760.9319283355017	-0.035681072719914934 	0.14071942455304193  
143.73728908327828	6.771580465699513 	17685.99          	16559.385232096374	284.41476790362594	0.016885427748110637	0.017175442440481217	2542.1362573539695	2381.223819336384 	39.858330524538154	2868.627749324098 	1759.6505093676558	-0.03744431907269885  	0.14767359889490658  
150.57441105719838	6.837121973920093 	17685.99          	16558.78102753082 	285.01897246918026	0.01692129878466737 	0.017212557614917696	2663.0575282135005	2494.438224961046 	41.807040004191315	2871.4490174876546	1758.575298479351 	-0.03922456676087005  	0.1546948381803008   
157.54209153025047	6.967680473052098 	17685.99          	16558.170809267183	285.62919073281523	0.016957526848621764	0.017250044948984092	2786.287855383095 	2609.810268378238 	43.79721293899402 	2873.9337641307725	1757.6662911304043	-0.04103874238330548  	0.16184990095740015  
164.718403236665  	7.176311706414527 	17685.99          	16557.547787215655	286.2522127843441 	0.01699451506099242 	0.01728832170458019 	2913.2080324596254	2728.632392393152 	45.851448044585375	2876.4341964977866	1756.8921398245732	-0.04290716901135001  	0.16921894180278615  
172.1644020562731 	7.445998819608098 	17685.99          	16556.906875319633	286.8931246803644 	0.017032565376005677	0.017327700568758913	3044.8978931232264	2851.915101443143 	47.98765391230905 	2878.798471842199 	1756.2306000546353	-0.04484573642948119  	0.1768646309096623   
179.97740879461676	7.813006738343657 	17685.99          	16556.240110428273	287.5598895717284 	0.017072150558171458	0.017368671126640832	3183.0786521675045	2981.2691169875548	50.23436126721032 	2881.1734182585396	1755.6617957859073	-0.04687977253574034  	0.18488686307684268  
188.24883552660572	8.271426731988951 	17685.99          	16555.54031975671 	288.25968024328836	0.01711369644874009 	0.017411674561855946	3329.367022635194 	3118.2070557509114	52.618680092129246	2883.311765887899 	1755.1710784142647	-0.04903306253244608  	0.19337944975259336  
197.0715999872486 	8.822764460642876 	17685.99          	16554.800493893912	288.999506106087  	0.01715761918961796 	0.01745714218740853 	3485.4063466584794	3264.2661612014717	55.16845466374537 	2885.098952128274 	1754.7470240275265	-0.05132977896627515  	0.20243773051409492  
206.62110302320858	9.54950303595998  	17685.99          	16554.007144175175	289.79285582482504	0.017204719589690276	0.01750590375495844 	3654.2987618574375	3422.3487026820762	57.935832420244054	2887.142233906318 	1754.377588749783 	-0.053815558726858226 	0.21224170240792073  
217.0269276197566 	10.40582459654804 	17685.99          	16553.15111216949 	290.6488878305091 	0.017255541376085513	0.017558523199660208	3838.3360716137404	3594.597889675466 	60.9602737661901  	2889.3991348543505	1754.0546370988093	-0.05652410289277554  	0.22292428886501206  
228.33692439349028	11.309996773733678	17685.99          	16552.230334908454	291.5696650915473 	0.017310207025228702	0.01761512854715599 	4038.3645614540264	3781.803561361377 	64.25792573769411 	2891.4518057701885	1753.772509172924 	-0.05946783132427849  	0.2345344809891648   
238.93384816970155	10.596923776211257	17685.99          	16551.37572783451 	292.4242721654886 	0.01736094421481427 	0.01766767167720793 	4225.781649390861 	3957.197228340672 	67.35672346014584 	2893.5878491179983	1753.552991261719 	-0.06222582108419023  	0.2454121389610016   
249.1041935661113 	10.170345396409736	17685.99          	16550.562863747728	293.2371362522727 	0.017409203163910324	0.017717653391388755	4405.65427636831  	4125.522169169979 	70.33904641888553 	2895.448686802919 	1753.373095677501 	-0.06487265815259527  	0.25585142973655534  
259.0264126396454 	9.922219073534098 	17685.99          	16549.776694700435	294.02330529956464	0.017455877254512916	0.017765998340854756	4581.138543680643 	4289.732679152866 	73.25641006679241 	2896.816142637792 	1753.219796370948 	-0.06745479758511225  	0.26603557234994074  
268.82513576845463	9.798723128809215 	17685.99          	16549.006904256625	294.7930957433739 	0.017501578963379637	0.017813340549610212	4754.438662949531 	4451.891815864429 	76.14500599226628 	2898.0043574061306	1753.0851505822868	-0.07000468005598467  	0.27609251389634293  
278.62551056425497	9.80037479580033  	17685.99          	16548.243493852733	295.55650614726744	0.017546901895490772	0.017860294735030906	4927.767993584308 	4614.07080431635  	79.04157052584677 	2899.101354254695 	1752.963606408474 	-0.07255487468184935  	0.2861507090602998   
288.52828701041335	9.902776446158406 	17685.99          	16547.47867014309 	296.3213298569103 	0.017592308734187673	0.017907340191443678	5102.908398783301 	4777.936786334351 	81.97597441164811 	2900.3833064441974	1752.8511549482898	-0.07513159656324925  	0.29631355277917654  
298.6221272745376 	10.09384026412428 	17685.99          	16546.705822449876	297.0941775501245 	0.01763819194897378 	0.017954883632912578	5281.427956756201 	4944.956591803616 	84.97479558324045 	2901.4322491165744	1752.7443603027407	-0.07775791096323278  	0.30667201772544667  
309.0258942725661 	10.4037669980285  	17685.99          	16545.916312609996	297.88368739000396	0.01768506437917833 	0.018003456669424857	5465.428875845662 	5117.096449888889 	88.07390805935961 	2902.3850075052046	1752.6402205969725	-0.08046473597440516  	0.31734804973779485  
319.83375429512506	10.807860022558925	17685.99          	16545.103676049246	298.69632395075115	0.017733309820275187	0.018053457373201298	5656.5765801260395	5295.913614478354 	91.30217611787225 	2903.3980551215614	1752.5365524713757	-0.08327655874121836  	0.32843823161245705  
331.181255065465  	11.347500770339936	17685.99          	16544.2586782368  	299.54132176319587	0.017783476517365195	0.018105454441257527	5857.268365275264 	5483.649602574349 	94.70122149732876 	2904.4265752878623	1752.4309368931436	-0.08622862617152784  	0.34008158470390665  
343.2279177376009 	12.046662672135854	17685.99          	16543.370757635217	300.42924236478405	0.0178361914986395  	0.01816009849299471 	6070.325520828032 	5682.942009551657 	98.32039123694267 	2905.6980575065086	1752.3203052317301	-0.08936241330338442  	0.3524416970991042   
356.1188284163138 	12.890910678712958	17685.99          	16542.43093510057 	301.3690648994327 	0.017891987847126697	0.018217943063009716	6298.314038182642 	5896.189009144817 	102.20531293388851	2906.894171370915 	1752.2014104153122	-0.09271563037878501  	0.3656673094575146   
370.0876128816749 	13.968784465361086	17685.99          	16541.424484218373	302.37551578162623	0.017951739855711076	0.01827989578951394 	6545.365820549174 	6127.25260251491  	106.42913134144443	2908.349811316998 	1752.0697808424752	-0.09634900569501681  	0.3799979520368283   
385.3636500550779 	15.276037173403047	17685.99          	16540.33792576177 	303.4620742382285 	0.018016247772962665	0.01834678805235187 	6815.5376612376085	6379.923419529495 	111.0648292682256 	2910.0593908695655	1751.920421251009 	-0.10032214530994624  	0.39566873186829055  
402.20711191180385	16.843461856725895	17685.99          	16539.15675534733 	304.6432446526701 	0.018086372709998345	0.01841951492201529 	7113.430959201044 	6658.500075480598 	116.19607613944207	2911.188227492079 	1751.7505775585903	-0.10470264305273665  	0.412946265527523    
419.14523157718673	16.938119665382896	17685.99          	16537.98562058126 	305.8143794187405 	0.018155901840365026	0.018491634134580413	7412.998374221809 	6938.622454946385 	121.3759966934315 	2912.4098963061897	1751.5756878811821	-0.10910744661756366  	0.4303197257312742   
435.4486767871827 	16.303445209995985	17685.99          	16536.87355296583 	306.926447034171  	0.01822192421153012 	0.01856012541010963 	7701.340943171346 	7208.230466861794 	126.37995520615185	2913.7359236538578	1751.4028639077974	-0.11334691630222099  	0.44704112917393135  
451.41508249087804	15.96640570369533 	17685.99          	16535.798863500644	308.00113649935645	0.018285727478321783	0.01862632335104204 	7983.7226347828455	7472.2477401511505	131.29762630869982	2914.7493093334683	1751.2285910554356	-0.11749847403147605  	0.4634158400530756   
467.23119308971997	15.816110598841918	17685.99          	16534.748210717462	309.0517892825366 	0.01834810371071472 	0.018691049016532107	8263.446208672856 	7733.76314657586  	136.18562358876238	2915.892363682936 	1751.050776600415 	-0.12161069099893615  	0.47963543172745937  
483.0912258610618 	15.860032771341825	17685.99          	16533.70845669046 	310.09154330953936	0.018409832894568885	0.018755111360637247	8543.94658966648  	7995.988304530782 	141.10368562776765	2916.804847326709 	1750.8681836162602	-0.12573406847951743  	0.4958990927986093   
499.1435941353902 	16.05236827432841 	17685.99          	16532.67005482426 	311.1299451757399 	0.018471481801953238	0.01881909843624755 	8827.84861444257  	8261.376812808783 	146.09805808890022	2917.8487531306137	1750.679809092669 	-0.12990718830000067  	0.5123590005052633   
515.5408866936481 	16.397292558257906	17685.99          	16531.62369999522 	312.1763000047813 	0.018533602868995195	0.018883583710223913	9117.850966654994 	8532.450683080635 	151.21690420983313	2918.6818595567565	1750.4839966961963	-0.13416970797014452  	0.5291715769821598   
532.445912642916  	16.905025949267927	17685.99          	16530.55998730595 	313.24001269404823	0.01859675445529205 	0.018949147090878325	9416.833086543487 	8811.900228621971 	156.51223475277502	2919.128168756854 	1750.2793523244957	-0.13856393152163168  	0.5465036846006446   
550.0165333035367 	17.570620660620694	17685.99          	16529.470401275197	314.3295987248005 	0.01866144211667204 	0.0190163139588883  	9727.58690784102  	9102.333282763735 	162.03520089437362	2919.73379695292  	1750.0649573594826	-0.14313086601958452  	0.5645170724667311   
568.4413496091237 	18.424816305586962	17685.99          	16528.345157587948	315.45484241205116	0.018728246738387487	0.019085688216477617	10053.448024773468	9406.86500612763  	167.84739841852354	2920.2763206477116	1749.8384762490284	-0.14791949600477403  	0.5834049575022736   
587.9575754822821 	19.516225873158422	17685.99          	16527.172329723   	316.6276702770033 	0.018797876386385685	0.019158006219101974	10398.611800403889	9729.413034359119 	174.02677554934147	2921.056897230796 	1749.5956923432627	-0.15299142460075316  	0.6034103316160441   
608.8080971008137 	20.85052161853158 	17685.99          	16525.94065306472 	317.8593469352771 	0.01887099982992419 	0.019233963960552547	10767.373917244022	10073.987517212414	180.65430873426777	2922.168068058128 	1749.33161852636  	-0.1584097097026471   	0.6247819282216475   
631.3024020100237 	22.49430490920997 	17685.99          	16524.63618751157 	319.1638124884311 	0.018948444679254748	0.019314422954112474	11165.207968925262	10445.697722128063	187.83367684836847	2923.3205139240345	1749.0403693585909	-0.16425469235015067  	0.6478366561492152   
655.8323950222721 	24.52999301224835 	17685.99          	16523.241888562472	320.55811143752567	0.019031222849803825	0.019400436887595206	11599.045180039955	10851.01273019419 	195.6969650819505 	2924.737617337651 	1748.7114084258158	-0.17062809601688814  	0.6729757708794752   
682.8156846090233 	26.983289586751223	17685.99          	16521.741460908375	322.0585390916234 	0.01912030177819871 	0.01949301409016943 	12076.271369838341	11296.823664511316	204.38716390614582	2926.1170674717496	1748.3377874914443	-0.17763828065613843  	0.7006267124402112   
712.7598985569    	29.94421394787672 	17685.99          	16520.11640227716 	323.6835977228392 	0.01921677992631349 	0.019593300061628023	12605.864438278351	11791.50556450493 	214.07961480777695	2927.4582611483156	1747.918194561987 	-0.185416940165254    	0.7313089692649126   
742.7598985569    	30                	17685.99          	16518.52686192536 	325.2731380746431 	0.019311149388774686	0.019691413210967776	13136.44413827835 	12287.061370362691	223.83780895001624	2929.312313902863 	1747.487686842192 	-0.19320934148277408  	0.7620455729359426   
772.7598985569    	30                	17685.99          	16516.975013631796	326.8249863682049 	0.019403281110450425	0.0197872180649586  	13667.02383827835 	12782.570620771645	233.6425585410624 	2930.9457280614097	1747.0480860953571	-0.20100101071958837  	0.7927794290469602   
802.7598985569    	30                	17685.99          	16515.459927090356	328.3400729096443 	0.01949323032270891 	0.019880770766248362	14197.603538278348	13278.034418584357	243.49276072835175	2932.0482220399367	1746.607162405451 	-0.2087919652257248   	0.82351060271407     
832.7598985569    	30                	17685.99          	16513.98064476398 	329.8193552360196 	0.019581053873592633	0.019972129211656434	14728.183238278349	13773.453837927276	253.38734138543234	2933.2231601363833	1746.1677007745925	-0.21658222191641258  	0.8542391574215387   
862.7598985569    	30                	17685.99          	16512.536225850505	331.2637741494955 	0.019666807617609774	0.020061350335201653	15258.762938278347	14268.829924702792	263.32525460991724	2934.226349546991 	1745.7315152377557	-0.22437179720515835  	0.8849651548424319   
892.7598985569    	30                	17685.99          	16511.125763761585	332.67423623841387	0.01975054537802716 	0.02014848902481036 	15789.342638278347	14764.163697615639	273.30548169706964	2934.9925689738775	1745.3004822887287	-0.2321607071381767   	0.9156886549841189   
922.7598985569    	30                	17685.99          	16509.74836807002 	334.0516319299801 	0.019832320018640694	0.020233599233773818	16319.922338278346	15259.456148657739	283.32703065496906	2935.3107837079174	1744.8756122521377	-0.23994896730800544  	0.9464097165821092   
952.7598985569    	30                	17685.99          	16508.40314099692 	335.39685900307785	0.019912184839708254	0.020316735430948755	16850.502038278344	15754.708242887646	293.3889364250614 	2935.643906358607 	1744.454644273372 	-0.24773659286841762  	0.9771283964379749   
982.7598985569    	30                	17685.99          	16507.08913371667 	336.7108662833299 	0.0199901961720829  	0.02039795530004008 	17381.081738278343	16249.920916899147	303.4902624135613 	2936.188693580279 	1744.0294486407724	-0.25552359856252005  	1.0078447498838254   
1012.7598985569   	30                	17685.99          	16505.805608338043	337.9943916619569 	0.020066397823647688	0.02047730354289501 	17911.661438278345	16745.09508514929 	313.63009416342   	2936.453309252598 	1743.6060963225357	-0.2633099987864244   	1.038558830949471    
1042.7598985569   	30                	17685.99          	16504.551828086667	339.24817191333085	0.020140833535979463	0.020554824841472783	18442.241138278343	17240.231639991885	323.8075393208199 	2936.4407406258397	1743.1885603884882	-0.2710958075324927   	1.0692706921494144   
1072.7598985569   	30                	17685.99          	16503.326998790333	340.4730012096649 	0.020213550458308988	0.020630567474947386	18972.82083827834 	17735.331449955596	334.02172935710985	2936.4153198361255	1742.7739420461787	-0.2788810384903178   	1.0999803849336443   
1102.7598985569   	30                	17685.99          	16502.130363242188	341.6696367578113 	0.020284593545269555	0.020704577484060255	19503.40053827834 	18230.395360852865	344.2718184598442 	2936.159051506097 	1742.3604035337607	-0.2866657049531469   	1.1306879590492191   
1132.7598985569   	30                	17685.99          	16500.961206727614	342.8387932723857 	0.020354005228771756	0.020776898325935506	20033.980238278342	18725.42419705469 	354.55698225801575	2935.862341942106 	1741.9474117957366	-0.29444981988053576  	1.1613934632062373   
1162.7598985569   	30                	17685.99          	16499.818668491524	343.98133150847417	0.02042183661100667 	0.02084758253527657 	20564.55993827834 	19220.418757109437	364.87642220327   	2935.517903731763 	1741.5311522707714	-0.30223339583365766  	1.1920969444760274   
1192.7598985569   	30                	17685.99          	16498.70205878477 	345.0979412152308 	0.020488128641709756	0.020916672110669617	21095.13963827834 	19715.37981887298 	375.229360439727  	2934.9017738489642	1741.1148151823922	-0.31001644503519143  	1.222798448874932    
1222.7598985569   	30                	17685.99          	16497.61078503843 	346.1892149615702 	0.020552916501120306	0.020984203074758366	21625.719338278337	20210.30814242413 	385.6150368885741 	2934.007010640405 	1740.701492113689 	-0.31779897944423097  	1.2534980212146245   
1252.7598985569   	30                	17685.99          	16496.544239336763	347.2557606632369 	0.020616236280603956	0.021050212433898107	22156.29903827834 	20705.204469604236	396.0327097084712 	2933.010834442027 	1740.2910064963623	-0.32558101072834483  	1.284195705284464    
1282.7598985569   	30                	17685.99          	16495.501792790208	348.2982072097917 	0.020678125316721387	0.021114738525991647	22686.878738278338	21200.06952338794 	406.48165592476494	2932.105521844364 	1739.8799826800405	-0.33336255023240596  	1.3148915437345094   
1312.7598985569   	30                	17685.99          	16494.482822647475	349.317177352524  	0.02073862058161009 	0.02117781934168314 	23217.458438278336	21694.904008067366	416.96117124534067	2931.226926544108 	1739.464021998811 	-0.3411436090777748   	1.3455855780887434   
1342.7598985569   	30                	17685.99          	16493.486822729446	350.31317727055216	0.02079775212663129 	0.021239485685209412	23748.038138278334	22189.708612749248	427.4705665634572 	2930.0612484403546	1739.0460402860404	-0.34892419805701935  	1.3762778490679877   
1372.7598985569   	30                	17685.99          	16492.513281416497	351.2867185835036 	0.02085555032614396 	0.021299768724717533	24278.617838278333	22684.484011191744	438.00916812096233	2928.8156071890085	1738.6269892057587	-0.35670432778384925  	1.406968396434575    
1402.7598985569   	30                	17685.99          	16491.561636000286	352.2383639997133 	0.02091204858759385 	0.02135870281870662 	24809.197538278335	23179.230860271753	448.5763190409537 	2927.528438480573 	1738.2024057702522	-0.36448400856813146  	1.4376572588822976   
1432.7598985569   	30                	17685.99          	16490.631351184104	353.16864881589345	0.020967278691025396	0.021416320654729468	25339.777238278333	23673.949800807273	459.17137850543054	2926.343874078998 	1737.768562682719 	-0.37226325052728465  	1.468344474382673    
1462.7598985569   	30                	17685.99          	16489.72195661377 	354.07804338623083	0.021021268560908517	0.021472650922668573	25870.35693827833 	24168.64145950569 	469.79371980701745	2925.1249696700756	1737.3255749256714	-0.38004206347049724  	1.4990300797504035   
1492.7598985569   	30                	17685.99          	16488.833101333566	354.9668986664318 	0.02107403903314168 	0.021527714938040288	26400.93663827833 	24663.306452545694	480.4427267670104 	2923.808454366036 	1736.8809837941553	-0.3878204571203142   	1.5297141114750121   
1522.7598985569   	30                	17124.530000000002	15938.423390136673	343.9166098633263 	0.02112206291376585 	0.02157783122238775 	26914.67253827833 	25141.459154249795	490.7602250629102 	2908.5455631851873	1746.9656941295418	-0.39533920209375645  	1.5594236600385467   
1552.7598985569   	30                	17124.530000000002	15937.578470613518	344.7615293864818 	0.021173954688729128	0.02163198945323908 	27428.40843827833 	25619.5865083682  	501.1030709445046 	2903.2805161908536	1750.2446906651614	-0.40285754849529926  	1.5891317128002695   
1582.7598985569   	30                	17124.530000000002	15936.728781458014	345.61121854198626	0.02122613939654781 	0.021686459202599737	27942.144338278325	26097.688371811942	511.47140750076426	2900.4262601859186	1751.4575673982824	-0.41037549408478036  	1.618838261137251    
1612.7598985569   	30                	17124.530000000002	15935.888823733274	346.4511762667267 	0.02127772643653963 	0.021740310822874087	28455.880238278325	26575.76503652394 	521.864942788766  	2898.586277725253 	1751.8241660230528	-0.4178930434145565   	1.6485433223502794   
1642.7598985569   	30                	17124.530000000002	15935.06368525846 	347.2763147415406 	0.02132840333401345 	0.02179321787479307 	28969.616138278325	27053.816947081694	532.2832322310123 	2897.2413569799496	1751.7964728188738	-0.4254102034980389   	1.6782469226894683   
1672.7598985569   	30                	17124.530000000002	15934.255376788999	348.0846232110005 	0.02137804659594386 	0.021845051116605424	29483.352038278324	27531.844608385363	542.7257709273424 	2896.164636946435 	1751.573104004747 	-0.43292698227315457  	1.7079490919465206   
1702.7598985569   	30                	17124.530000000002	15933.46478492222 	348.8752150777805 	0.021426601770862204	0.02189575335854885 	29997.08793827832 	28009.848551933028	553.1920273796758 	2894.973202016538 	1751.2581804235099	-0.4404433881101771   	1.7376498615357718   
1732.7598985569   	30                	17124.530000000002	15932.692146885207	349.6478531147935 	0.021474054289174253	0.021945309047043164	30510.82383827832 	28487.829316339583	563.6814629731196 	2893.7717808809866	1750.9017730702128	-0.44795942943901107  	1.7673492630953587   
1762.7598985569   	30                	17124.530000000002	15931.937326224825	350.4026737751758 	0.02152041253131772 	0.02199372660086945 	31024.55973827832 	28965.787436126324	574.1935431863748 	2892.677380648542 	1750.5221422986565	-0.4554751147069031   	1.7970473283285016   
1792.7598985569   	30                	17124.530000000002	15931.200086649922	351.1399133500781 	0.021565691009405162	0.022041020854689248	31538.295638278316	29443.72343872582 	584.7277405868772 	2891.629662195943 	1750.1286342894286	-0.46299045218721246  	1.8267440882858095   
1822.7598985569   	30                	17124.530000000002	15930.480112538495	351.8598874615045 	0.021609909107751374	0.02208721174602667 	32052.031538278316	29921.637842101976	595.2835372107223 	2890.614640258847 	1749.7233428494071	-0.47050545002953936  	1.8564395735534116   
1852.7598985569   	30                	17124.530000000002	15929.777117426218	352.5628825737813 	0.02165308441991638 	0.022132317356034988	32565.767438278315	30399.53115562476 	605.8604236879358 	2889.67014799609  	1749.3094868524156	-0.47802011625732777  	1.8861338142439634   
1882.7598985569   	30                	17124.530000000002	15929.09078510895 	353.2492148910493 	0.021695236365967624	0.022176357687739373	33079.503338278315	30877.403879178033	616.4579001346673 	2888.7648218462086	1748.8872581073247	-0.4855344586934      	1.9158268397171703   
1912.7598985569   	30                	17124.530000000002	15928.420843220061	353.9191567799393 	0.021736381673637777	0.02221934994457314 	33593.239238278315	31355.256504474633	627.0754748380655 	2887.768363021309 	1748.459312400395 	-0.49304848509991     	1.9455186791050447   
1942.7598985569   	30                	17124.530000000002	15927.767000303564	354.57299969643685	0.02177653824305578 	0.022261312567523065	34106.975138278314	31833.089514483738	637.7126648289586 	2886.810913712739 	1748.0260675599313	-0.5005622030717268   	1.9752093609117636   
1972.7598985569   	30                	17124.530000000002	15927.12902813179 	355.2109718682092 	0.021815720091105405	0.022302259951608772	34620.711038278314	32310.903385327692	648.3689939850049 	2885.816921459064 	1747.5919937803444	-0.5080756200727248   	2.0048989132216746   
2002.7598985569   	30                	17124.530000000002	15926.506654307597	355.83334569240253	0.021853943947393466	0.02234220933792542 	35134.44693827831 	32788.698584956925	659.0439943557769 	2884.8427609684377	1747.1574975792744	-0.5155887434869606   	2.034587363604151    
2032.7598985569   	30                	17124.530000000002	15925.899653604698	356.44034639530133	0.021891223644470104	0.02238117495074283 	35648.182838278306	33266.47557456506 	669.737204747636  	2883.762875650195 	1746.7257631313985	-0.5231015805692194   	2.0642747392870064   
2062.7598985569   	30                	17124.530000000002	15925.30683969507 	357.03316030493113	0.021927632042134677	0.022419232728062614	36161.918738278306	33744.23477975591 	680.4481995567838 	2882.6528217542127	1746.3051057820246	-0.5306141379699046   	2.0939610654451744   
2092.7598985569   	30                	17124.530000000002	15924.727018102989	357.61298189701176	0.021963242500587246	0.022456459158796425	36675.654638278305	34221.976590299004	691.1765890136942 	2881.518358156117 	1745.89799681178  	-0.5381264218642875   	2.123646364967745    
2122.7598985569   	30                	17124.530000000002	15924.159938341787	358.18006165821254	0.021998070403775657	0.022492870144804042	37189.390538278305	34699.70138844926 	701.9219908634406 	2880.352110708564 	1745.495857072626 	-0.5456384382456047   	2.1533306605632476   
2152.7598985569   	30                	17124.530000000002	15923.605333574114	358.73466642588664	0.022032132139845173	0.022528482646421336	37703.126438278305	35177.40954845648 	712.6840308562172 	2879.1005251508054	1745.0962175352124	-0.5531501929922011   	2.183013974221801    
2182.7598985569   	30                	17124.530000000002	15923.063029868512	359.27697013148764	0.022065438391010606	0.022563307666216934	38216.862338278304	35655.10143935253 	723.4623399601618 	2877.8867669540045	1744.6950686848731	-0.5606616919208568   	2.2126963277742635   
2212.7598985569   	30                	17124.530000000002	15922.532829191774	359.8071708082267 	0.022098001319725957	0.02259735776135878 	38730.5982382783  	36132.77742422829 	734.2565550844087 	2876.737188819376 	1744.289106935957 	-0.5681729407346872   	2.242377742624903    
2242.7598985569   	30                	17124.530000000002	15922.014684322536	360.32531567746395	0.02212982382614931 	0.02263063580969153 	39244.3341382783  	36610.437864757965	745.0663145547326 	2875.4845837262824	1743.88630297297  	-0.5756839451097043   	2.272058240148073    
2272.7598985569   	30                	17124.530000000002	15921.508477981668	360.8315220183314 	0.02216091311312326 	0.022663149193264957	39758.070038278296	37088.08311909741 	755.8912602152824 	2874.1820067806552	1743.4890749176768	-0.5831947107120028   	2.301737841393685    
2302.7598985569   	30                	17124.530000000002	15921.014020832503	361.32597916749796	0.022191280808992932	0.022694909928143155	40271.805938278296	37565.71353972238 	766.7310395903074 	2872.8968366253794	1743.0936117291358	-0.5907052430416081   	2.331416567219208    
2332.7598985569   	30                	17124.530000000002	15920.531116037058	361.80888396294324	0.02222093900280569 	0.022725930518642443	40785.541838278295	38043.32947320349 	777.5853061091957 	2871.646459398304 	1742.6956730906313	-0.5982155475620967   	2.3610944380580956   
2362.7598985569   	30                	17124.530000000002	15920.059615089986	362.28038491001524	0.022249896815200718	0.022756220370344856	41299.277738278295	38520.931261656195	788.4537176564961 	2870.4460265780726	1742.2946105959468	-0.6057256296709406   	2.3907714741675097   
2392.7598985569   	30                	17124.530000000002	15919.599353818403	362.74064618159605	0.022278164329058114	0.022785789900836337	41813.01363827829 	38998.51924227075 	799.335937041944  	2869.310464359226 	1741.8883994558491	-0.6132354946522492   	2.420447695379157    
2422.7598985569   	30                	17124.530000000002	15919.150194511723	363.1898054882766 	0.022305750002043722	0.02281464783299109 	42326.74953827829 	39476.0937481061  	810.2316312065923 	2868.2041888121753	1741.4768026382123	-0.6207451477493569   	2.450123121371706    
2452.7598985569   	30                	17124.530000000002	15918.712069531437	363.6279304685644 	0.022332657988259938	0.022842798392248807	42840.48543827829 	39953.65511019205 	821.1404691206493 	2867.0585591226527	1741.0648799727578	-0.6282545941476423   	2.479797771678123    
2482.7598985569   	30                	17124.530000000002	15918.284809430645	364.0551905693553 	0.02235889869449694 	0.02287025234990607 	43354.22133827829 	40431.203654474964	832.0621248377299 	2865.9422427539953	1740.6496827477838	-0.6357638390117571   	2.509471665466362    
2512.7598985569   	30                	17124.530000000002	15917.868254741783	364.47174525821714	0.02238448191465214 	0.022897019841186615	43867.957238278286	40908.73970211722 	842.9962771954764 	2864.802841754173 	1740.2286801940784	-0.64327288737656     	2.539144821848081    
2542.7598985569   	30                	17124.530000000002	15917.462318472863	364.87768152713795	0.02240941299144582 	0.02292310634865977 	44381.693138278286	41386.26357167141 	853.9426076412907 	2863.5934235209284	1739.8051026128098	-0.6507817442269787   	2.568817259460327    
2572.7598985569   	30                	17124.530000000002	15917.066902871773	365.27309712822733	0.022433697928444397	0.022948518050290058	44895.42903827828 	41863.77557875755 	864.9008005551375 	2862.294286587077 	1739.3809590827677	-0.658290414549232    	2.5984889970886      
2602.7598985569   	30                	17124.530000000002	15916.681870653445	365.65812934655435	0.022457345157179762	0.022973263668776372	45409.16493827828 	42341.276034877155	875.870544435534  	2860.9938361892223	1738.955172968794 	-0.6657989032507415   	2.6281600529354474   
2632.7598985569   	30                	17124.530000000002	15916.307125172356	366.0328748276448 	0.022480360613256128	0.02299734931909848 	45922.90083827828 	42818.76524863233 	886.8515306803635 	2859.659303291287 	1738.529599882646 	-0.6733072151643258   	2.6578304453542554   
2662.7598985569   	30                	17124.530000000002	15915.942574202432	366.3974257975679 	0.02250274996085132 	0.023020780835905256	46436.63673827828 	43296.2435258584  	897.8434534542904 	2858.2920094633987	1738.1063392049941	-0.6808153551081332   	2.6875001923561324   
2692.7598985569   	30                	17124.530000000002	15915.58811606289 	366.7518839371104 	0.02252451944481631 	0.023043564665195384	46950.37263827828 	43773.71116934029 	908.8460099724037 	2856.93752032931  	1737.6865985131842	-0.6883233278228185   	2.7171693117331523   
2722.7598985569   	30                	17124.530000000002	15915.243560120118	367.09643987988187	0.02254568077314943 	0.023065712974681695	47464.10853827828 	44251.168476143896	919.8589031688002 	2855.6295618110503	1737.264635826427 	-0.6958311380161488   	2.7468378211539584   
2752.7598985569   	30                	17124.530000000002	15914.90873590231 	367.4312640976903 	0.02256624441558709 	0.02308723664049704 	47977.844438278276	44728.615738220964	930.8818410917308 	2854.374109457764 	1736.8362667155309	-0.7033387902597817   	2.7765057377763616   
2782.7598985569   	30                	17124.530000000002	15914.583506059393	367.7564939406086 	0.02258621880765348 	0.02310814441361832 	48491.58033827827 	45206.05324340275 	941.9145359099491 	2853.143195875202 	1736.3999901567224	-0.7108462890656733   	2.80617307853411     
2812.7598985569   	30                	17124.530000000002	15914.267768743868	368.0722312561318 	0.02260561020443817 	0.02312844276624762 	49005.31623827827 	45683.48127646506 	952.9567028476331 	2851.935323850047 	1735.9569374837147	-0.7183536389447187   	2.835839860356972    
2842.7598985569   	30                	17124.530000000002	15913.96146298491 	368.37853701509107	0.022624422350539977	0.023148135545754678	49519.05213827827 	46160.900120354614	964.0080589580857 	2850.7219201468765	1735.5111648272639	-0.7258608443154222   	2.865506099827961    
2872.7598985569   	30                	17124.530000000002	15913.663978226596	368.6760217734046 	0.02264269274400391 	0.023167261937780938	50032.78803827827 	46638.31003970141 	975.0683396112878 	2849.426834908004 	1735.045587862903 	-0.7333679093606436   	2.8951718126456982   
2902.7598985569   	30                	17124.530000000002	15913.375013980794	368.9649860192062 	0.022660439839679445	0.023185841199308742	50546.52393827827 	47115.71129012083 	986.1372891918639 	2848.1188257206854	1734.558379344789 	-0.7408748380716405   	2.9248370138615147   
2932.7598985569   	30                	17124.530000000002	15913.094494645662	369.24550535433866	0.022677668280747035	0.02320387813184796 	51060.25983827827 	47593.1041249602  	997.2146543524942 	2846.8246266699985	1734.0522468630595	-0.7483816344728071   	2.954501718363882    
2962.7598985569   	30                	17124.530000000002	15912.822416437102	369.5175835628989 	0.022694378299611656	0.023221372921324555	51573.99573827826 	48070.48879745331 	1008.3001818593812	2845.520569005695 	1733.5356280231442	-0.7558883025098371   	2.9841659411767307   
2992.7598985569   	30                	17124.530000000002	15912.55186603398 	369.7881339660193 	0.022710994486420215	0.02323877006524314 	52087.73163827826 	48547.86535343433 	1019.3938258783617	2844.213949105426 	1733.0124119579946	-0.7633948426387286   	3.0138296840114616   
3022.7598985569   	30                	16563.07          	15363.629934959468	357.25006504053283	0.022724558996731276	0.02325297254313717 	52584.623738278264	49008.77425148311 	1030.1113278295777	2829.01045620586  	1742.912910140722 	-0.7706424359231779   	3.0425215775753496   
3052.7598985569   	30                	16563.07          	15363.347008314571	357.53299168542975	0.02274255586744697 	0.023271816453272493	53081.51583827826 	49469.67466173255 	1040.8373175801407	2824.0331615641694	1746.0235406091745	-0.7778898957265412   	3.071212970245381    
3082.7598985569   	30                	16563.07          	15363.058984288062	357.82101571194   	0.022760876980928546	0.02329100057989016 	53578.407938278266	49930.56643126119 	1051.571948051499 	2821.378919191349 	1747.077763417004 	-0.7851372199840502   	3.0999038542005035   
3112.7598985569   	30                	16563.07          	15362.763373551117	358.1166264488833 	0.02277968068256251 	0.0233106907749048  	54075.30003827827 	50391.44933246772 	1062.3154468449654	2819.562789683722 	1747.3081296946718	-0.7923844048003765   	3.1285942148212267   
3142.7598985569   	30                	16563.07          	15362.473802641049	358.4061973589537 	0.022798100192797963	0.02332997940067036 	54572.19213827827 	50852.32354654695 	1073.067632765734 	2818.080765532763 	1747.1782935905528	-0.7996314529916716   	3.157284062748604    
3172.7598985569   	30                	16563.07          	15362.192418076129	358.6875819238711 	0.022815998972313963	0.023348723421913176	55069.08423827827 	51313.18931908924 	1083.8282602234501	2816.715024563358 	1746.8869567158542	-0.8068783684721862   	3.185973412457733    
3202.7598985569   	30                	16563.07          	15361.913062111435	358.96693788856606	0.02283376871323781 	0.023367332990180813	55565.97633827827 	51774.04671095258 	1094.5972683601071	2815.439145252125 	1746.5168241884066	-0.8141251518705643   	3.21466226652338     
3232.7598985569   	30                	16563.07          	15361.650232555105	359.2297674448967 	0.022850487214767665	0.023384842253705317	56062.868438278274	52234.896217929236	1105.3741613834543	2814.240623809965 	1746.1024303666047	-0.8213718112948576   	3.2433506553039364   
3262.7598985569   	30                	16563.07          	15361.40304147342 	359.47695852657995	0.02286621095807486 	0.02340131025506248 	56559.76053827827 	52695.738309173445	1116.1584701392514	2813.0619109232293	1745.6605194626602	-0.8286183543817399   	3.272038607460476    
3292.7598985569   	30                	16563.07          	15361.158113484926	359.72188651507616	0.022881790746769656	0.023417628010696093	57056.652638278276	53156.57305257799 	1126.9501267347039	2811.9112993793665	1745.2012706923592	-0.83586478193271     	3.3007261260010905   
3322.7598985569   	30                	16563.07          	15360.922255087959	359.9577449120425 	0.0228967936217338  	0.023433342017782466	57553.54473827828 	53617.400720230624	1137.748859082065 	2810.779944843817 	1744.7343324332744	-0.8431110982159133   	3.329413226944487    
3352.7598985569   	30                	16563.07          	15360.689593558162	360.19040644183883	0.022911593145029975	0.023448843507188146	58050.43683827828 	54078.221408037374	1148.55457127532  	2809.6621112966145	1744.264705668408 	-0.8503573045114052   	3.3580999150948183   
3382.7598985569   	30                	16563.07          	15360.477351811549	360.4026481884517 	0.02292509377264197 	0.023462984901699513	58547.32893827828 	54539.03572859172 	1159.3666507209737	2808.561084436    	1743.7901899330077	-0.8576034109131769   	3.3867862283356773   
3412.7598985569   	30                	16563.07          	15360.267769028185	360.61223097181545	0.022938425264477272	0.02347694951639705 	59044.22103827828 	54999.84376166257 	1170.1850176501282	2807.4630433628113	1743.3083235118604	-0.8648494184499422   	3.4154721705279143   
3442.7598985569   	30                	16563.07          	15360.066566276388	360.8134337236122 	0.022951223705264097	0.023490356123572528	59541.113138278284	55460.645758650855	1181.0094206618364	2806.367680831374 	1742.8175159611258	-0.8720953310705928   	3.444157756492047    
3472.7598985569   	30                	16563.07          	15359.873650908043	361.00634909195844	0.02296349498831862 	0.023503210852949725	60038.00523827828 	55921.44196817809 	1191.8396111345953	2805.2623406285566	1742.3233673349039	-0.8793411526899753   	3.4728430009208227   
3502.7598985569   	30                	16563.07          	15359.688891707701	361.1911082923012 	0.022975247460212223	0.023515522406661434	60534.897338278286	56382.23263492932 	1202.6753443833643	2804.1555984690704	1741.8280907745643	-0.8865868871476235   	3.501527918224333    
3532.7598985569   	30                	16563.07          	15359.512213388838	361.3677866111623 	0.02298648590989577 	0.023527295762436982	61031.78943827829 	56843.01800133099 	1213.5163779816992	2803.0335929173566	1741.3379793849065	-0.8938325382589917   	3.530212522722295    
3562.7598985569   	30                	16563.07          	15359.343478081533	361.5365219184683 	0.02299721910722989 	0.023538540070700092	61528.68153827829 	57303.79830567344 	1224.362473639253 	2801.8665304717783	1740.8539963023823	-0.9010781097604016   	3.5588968284374376   
3592.7598985569   	30                	16563.07          	15359.182488686436	361.697511313564  	0.023007459589639005	0.02354926843144094 	62025.57363827829 	57764.57378033402 	1235.2133989786598	2800.6810405658284	1740.3720238180897	-0.9083236053324437   	3.587580849183322    
3622.7598985569   	30                	16563.07          	15359.029028218933	361.8509717810689 	0.023017221159443293	0.023559495272536115	62522.46573827829 	58225.344651180596	1246.068928132092 	2799.5061585146186	1739.886117551983 	-0.9155690285120346   	3.6162645982342934   
3652.7598985569   	30                	16563.07          	15358.882890729215	361.99710927078706	0.023026516917041984	0.023569234289122182	63019.357838278294	58686.111137902466	1256.9288414102155	2798.362176019759 	1739.3913020741027	-0.9228143827561475   	3.644948088564661    
3682.7598985569   	30                	16563.07          	15358.74393680291 	362.1360631970905 	0.023035355730537378	0.023578494744569137	63516.24993827829 	59146.87345600656 	1267.7929233061282	2797.2452194213147	1738.8879013102085	-0.9300596714417367   	3.6736313328484145   
3712.7598985569   	30                	16563.07          	15358.612094310058	362.26790568994323	0.023043742188092728	0.023587281420054455	64013.142038278296	59607.631818835864	1278.6609604768266	2796.1337670207326	1738.381630485835 	-0.9373048979234891   	3.7023143436759747   
3742.7598985569   	30                	16563.07          	15358.487285986308	362.3927140136929 	0.023051681204467746	0.023595599440600794	64510.0341382783  	60068.38643741545 	1289.5327418972374	2794.9630042354606	1737.8773709053405	-0.9445500655500081   	3.73099713361493     
3772.7598985569   	30                	16563.07          	15358.36933636971 	362.51066363029315	0.023059183940739518	0.023603460477528832	65006.9262382783  	60529.13751750654 	1300.4080618061462	2793.753643109806 	1737.3716533107938	-0.9517951775117922   	3.7596797146394887   
3802.7598985569   	30                	16563.07          	15358.258077242095	362.6219227579062 	0.023066261097209963	0.02361087572133198 	65503.8183382783  	60989.8852598238  	1311.2867194888834	2792.5562122893875	1736.8615043680404	-0.9590402369984495   	3.788362098720515    
3832.7598985569   	30                	16563.07          	15358.153360421362	362.72663957863926	0.023072922099694117	0.02361785502893869 	66000.7104382783  	61450.62986063644 	1322.1685186762425	2791.3720506933482	1736.3455389200103	-0.9662852470954051   	3.817044297437867    
3862.7598985569   	30                	16563.07          	15358.055044377898	362.8249556221039 	0.023079175950843966	0.02362440781555362 	66497.6025382783  	61911.37151196778 	1333.0532673449059	2790.2164604315776	1735.8227190954208	-0.9735302108068501   	3.845726322066525    
3892.7598985569   	30                	16563.07          	15357.963061176908	362.9169388230927 	0.023085026971969298	0.023630538592744978	66994.49463827831 	62372.11040380309 	1343.9407755095983	2789.0680657492658	1735.2979960026905	-0.9807751311171167   	3.874408183806936    
3922.7598985569   	30                	16563.07          	15357.877381142971	363.0026188570303 	0.0230904770507141  	0.02363624932327821 	67491.3867382783  	62832.846725237374	1354.8308540753094	2787.9046785748287	1734.7792641550554	-0.9880200110126359   	3.9030898938674263   
3952.7598985569   	30                	16563.07          	15357.797843395   	363.0821566050011 	0.023095536420671175	0.02364155071628017 	67988.27883827829 	63293.58066053923 	1365.7233187734594	2786.742211131267 	1734.263108983864 	-0.9952648533874991   	3.931771463181566    
3982.7598985569   	30                	16563.07          	15357.724312777622	363.15568722237856	0.023100213679029324	0.023646451767612025	68485.17093827829 	63754.312389922554	1376.6179893901308	2785.5698338364614	1733.7481642000773	-1.0025096610964876   	3.9604529022481745   
4012.7598985569   	30                	16563.07          	15357.65661667333 	363.22338332667204	0.02310451980593147 	0.023650963971438958	68982.06303827828 	64215.04208842275 	1387.514690889931 	2784.4051698219178	1733.229930948129 	-1.0097544368379099   	3.9891342214096426   
4042.7598985569   	30                	16563.07          	15357.594604936809	363.2853950631918 	0.02310846435207137 	0.023655097325359215	69478.95513827828 	64675.76992657086 	1398.4132527418267	2783.262661011519 	1732.7056830699628	-1.0169991833386893   	4.017815430828537    
4072.7598985569   	30                	16563.07          	15357.538194919975	363.34180508002714	0.023112052574666756	0.023658857329113773	69975.84723827826 	65136.49607241845 	1409.3135068942277	2782.142429877964 	1732.1782931485866	-1.024243903240048    	4.046496540417584    
4102.7598985569   	30                	16563.07          	15357.487281986263	363.39271801373803	0.023115291129614756	0.023662250949084855	70472.73933827826 	65597.22069087804 	1420.21528843464  	2781.0260304533786	1731.64858002187  	-1.0314885991040181   	4.075177559792305    
4132.7598985569   	30                	16563.07          	15357.441733519594	363.43826648040755	0.02311818845258074 	0.02366528701763893 	70969.63143827826 	66057.94394288362 	1431.118436429052 	2779.9123384876584	1731.1149332229418	-1.0387332734930437   	4.103858498569766    
4162.7598985569   	30                	16563.07          	15357.39871103735 	363.48128896265325	0.02312092509850932 	0.023668154731270964	71466.52353827826 	66518.66590421475 	1442.0228750979318	2778.7982948786484	1730.5856498092512	-1.0459779275890992   	4.132539361186017    
4192.7598985569   	30                	16563.07          	15357.357066377694	363.5229336223076 	0.023123574101596576	0.023670930619838156	71963.41563827825 	66979.38661620607 	1452.9285631066011	2777.6736337403186	1730.0598047622684	-1.0532225620299485   	4.1612201500346355   
4222.7598985569   	30                	16563.07          	15357.316769181243	363.5632308187575 	0.02312613739299311 	0.023673616705513878	72460.30773827824 	67440.10611928151 	1463.8354600311638	2776.544631962723 	1729.5351359572444	-1.060467177474194    	4.189900867587416    
4252.7598985569   	30                	16563.07          	15357.277775590346	363.6022244096548 	0.02312861776246971 	0.023676215910321232	72957.19983827823 	67900.82445254922 	1474.7435267634537	2775.4117567471353	1729.0118438337925	-1.0677117745170015   	4.218581516078062    
4282.7598985569   	30                	16563.07          	15357.24023415181 	363.6397658481905 	0.023131005761012773	0.02367871833114386 	73454.09193827823 	68361.54165957378 	1485.6527197388993	2774.265806236374 	1728.494142456339 	-1.0749563538387976   	4.247262098060274    
4312.7598985569   	30                	16563.07          	15357.203304225033	363.67669577496736	0.023133354861494225	0.023681180002019873	73950.98403827823 	68822.25775870054 	1496.5630206121484	2773.123650322515 	1727.97606947059  	-1.0822009157140393   	4.275942614564109    
4342.7598985569   	30                	16563.07          	15357.169392905731	363.71060709427053	0.02313551194934829 	0.023683440469328104	74447.87613827821 	69282.97284048771 	1507.4743388249765	2771.9806077097965	1727.4515774118565	-1.0894454616265807   	4.304623071158599    
4372.7598985569   	30                	16563.07          	15357.136064241244	363.74393575875723	0.02313763197472134 	0.023685662107645646	74944.76823827821 	69743.68692241494 	1518.3866568977394	2770.8395836057425	1726.920979931706 	-1.0966899918151851   	4.3333034688116445   
4402.7598985569   	30                	16563.07          	15357.10419137074 	363.77580862926254	0.02313965939751862 	0.023687786713960737	75441.6603382782  	70204.40004815607 	1529.299931156617 	2769.707876736972 	1726.3861406588496	-1.1039345069815005   	4.361983809941176    
4432.7598985569   	30                	16563.07          	15357.07381975945 	363.8061802405515 	0.023141591325711506	0.023689811256390126	75938.5524382782  	70665.11226274885 	1540.2141165638338	2768.571954066407 	1725.8493001079719	-1.1111790078150068   	4.390664097350282    
4462.7598985569   	30                	16563.07          	15357.044971109324	363.83502889067705	0.02314342637884629 	0.02369173428710714 	76435.44453827819 	71125.82361188214 	1551.1291674305542	2767.4340660058992	1725.310958321721 	-1.1184234950176397   	4.4193443336015825   
4492.7598985569   	30                	16563.07          	15357.017071796276	363.86292820372466	0.023145201044962156	0.023693594042554805	76932.33663827818 	71586.53412403603 	1562.0450552766658	2766.304571319513 	1724.769812480392 	-1.125667969057756    	4.448024520452859    
4522.7598985569   	30                	16001.61          	14808.550034162263	350.86996583773737	0.023145342357276028	0.023693742130614107	77412.38493827818 	72030.7906250609  	1572.5711542517981	2751.563191726841 	1734.5949817138005	-1.132653710893119    	4.475733663737574    
4552.7598985569   	30                	16001.61          	14808.475879635167	350.9441203648332 	0.02315023400399443 	0.02369886835197245 	77892.43323827819 	72475.04490144996 	1583.099477862743 	2747.040850718239 	1737.6569072554641	-1.139639417627977    	4.503442675358968    
4582.7598985569   	30                	16001.61          	14808.389870804936	351.03012919506216	0.023155907626747078	0.023704814112648784	78372.48153827818 	72919.29659757411 	1593.6303817385947	2744.707226227409 	1738.6781463719271	-1.1466250839124272   	4.531151535022996    
4612.7598985569   	30                	16001.61          	14808.2945374558  	351.1254625442    	0.023162196346839126	0.023711404554796662	78852.52983827818 	73363.54543369779 	1604.1641456149207	2743.145484925767 	1738.8942595224523	-1.1536107051215518   	4.558860225587368    
4642.7598985569   	30                	16001.61          	14808.204583831939	351.2154161680594 	0.023168130190209087	0.023717623171652245	79332.57813827817 	73807.79157121276 	1614.7006080999624	2741.9126684375697	1738.7538741191586	-1.1605962839987418   	4.586568757276455    
4672.7598985569   	30                	16001.61          	14808.114587435266	351.30541256473464	0.023174066855112835	0.023723844821056318	79812.62643827817 	74252.03500883581 	1625.2397704769044	2740.8256327515473	1738.451123063695 	-1.167581820404654    	4.614277129567291    
4702.7598985569   	30                	16001.61          	14808.027897668933	351.39210233106587	0.02317978539621344 	0.023729837947319216	80292.67473827816 	74696.27584576588 	1635.7815335468363	2739.7911960464485	1738.078451661889 	-1.1745673159310617   	4.6419853484339315   
4732.7598985569   	30                	16001.61          	14807.942777443817	351.4772225561827 	0.02318540040161053 	0.02373572263471804 	80772.72303827816 	75140.51412908919 	1646.325850223522 	2738.7835855352732	1737.6722502179666	-1.1815527712109752   	4.6696934162521195   
4762.7598985569   	30                	16001.61          	14807.863462633337	351.5565373666638 	0.02319063244943829 	0.023741206032443063	81252.77133827817 	75584.7500329682  	1656.8725463445219	2737.797880886577 	1737.2476886522973	-1.1885381890981908   	4.697401343732391    
4792.7598985569   	30                	16001.61          	14807.78952030052 	351.63047969948144	0.023195510098637115	0.023746318058979626	81732.81963827816 	76028.9837185772  	1667.4214607355063	2736.8332667259383	1736.8086911665869	-1.1955235721597501   	4.725109140509067    
4822.7598985569   	30                	16001.61          	14807.717111658232	351.70288834176733	0.02320028657704367 	0.02375132410281318 	82212.86793827816 	76473.21523192695 	1677.9725473857595	2735.87787386829  	1736.3576499162293	-1.2025089210654831   	4.7528168090960765   
4852.7598985569   	30                	16001.61          	14807.648127933717	351.77187206628395	0.02320483712874793 	0.023756093407074415	82692.91623827815 	76917.44467576496 	1688.525703547748 	2734.9265140070606	1735.8981742055553	-1.2094942374367916   	4.780524355578673    
4882.7598985569   	30                	16001.61          	14807.582538200571	351.8374617994276 	0.02320916379382771 	0.023760628103321933	83172.96453827815 	77361.67215191097 	1699.0808274017309	2733.9752522772187	1735.4369090874873	-1.216479522877326    	4.808231785975491    
4912.7598985569   	30                	16001.61          	14807.520292850008	351.8997071499932 	0.023213269844756145	0.02376493161518153 	83653.01283827814 	77805.89776069648 	1709.6378186162308	2733.0230679973542	1734.9787512914706	-1.2234647789431314   	4.8359391061265      
4942.7598985569   	30                	16001.61          	14807.461265202826	351.958734797174  	0.023217163638000266	0.023769012695259818	84133.06113827814 	78250.12159865255 	1720.1965806601459	2732.0758690506314	1734.5212896971088	-1.230450007155808    	4.86364632174239     
4972.7598985569   	30                	16001.61          	14807.405322615847	352.0146773841535 	0.02322085392344519 	0.0237728805090862  	84613.10943827814 	78694.34375833103 	1730.7570209816706	2731.1120353715337	1734.0618187756922	-1.2374352089799554   	4.891353438319927    
5002.7598985569   	30                	16001.61          	14807.351077352032	352.068922647968  	0.02322443224397556 	0.023776630999616157	85093.15773827814 	79138.56429065159 	1741.3190886611096	2730.1379165352178	1733.5954879681342	-1.2444203851793225   	4.919060458725525    
5032.7598985569   	30                	16001.61          	14807.302132407727	352.1178675922737 	0.02322766092583184 	0.023780015052277313	85573.20603827813 	79582.78335462383 	1751.8826246888777	2729.1679730165006	1733.1208681526264	-1.2514055383177995   	4.946767392581675    
5062.7598985569   	30                	16001.61          	14807.254621433027	352.1653785669729 	0.02323079501504496 	0.023783299981701186	86053.25433827813 	80027.00099326682 	1762.447586045887 	2728.2068210516527	1732.6373860491833	-1.2583906690653763   	4.974474242402908    
5092.7598985569   	30                	16001.61          	14807.209686639144	352.21031336085656	0.023233759164984977	0.023786406812261417	86533.30263827812 	80471.21728386599 	1773.0138954467127	2727.2586810903204	1732.1437908584287	-1.2653757785945736   	5.0021810125897925   
5122.7598985569   	30                	16001.61          	14807.167299383547	352.25270061645193	0.023236555265072935	0.023789337521101482	87013.35093827812 	80915.43230284749 	1783.5814764652062	2726.309853312039 	1731.6472586102248	-1.272360868138002    	5.029887707768417    
5152.7598985569   	30                	16001.61          	14807.127439405649	352.2925605943513 	0.023239184651810643	0.023792093506050903	87493.39923827811 	81359.64612602965 	1794.1502532830366	2725.33225418051  	1731.1557315260409	-1.279345938878378    	5.057594332377616    
5182.7598985569   	30                	16001.61          	14807.090072760384	352.32992723961644	0.023241649564403943	0.023794677111323468	87973.44753827812 	81803.85882821247 	1804.720151100225 	2724.3259327826204	1730.6757904625   	-1.2863309919980679   	5.085300890854908    
5212.7598985569   	30                	16001.61          	14807.054250106672	352.36574989332894	0.02324401262669211 	0.023797153974146508	88453.49583827812 	82248.07045571567 	1815.291123597025 	2723.303194565454 	1730.201343724455 	-1.293316028172813    	5.113007385736408    
5242.7598985569   	30                	16001.61          	14807.021407502383	352.3985924976168 	0.023246179108278336	0.023799424799849644	88933.54413827811 	82692.28109794074 	1825.8630813719535	2722.280648528757 	1729.724174508704 	-1.3003010488643376   	5.140713822508088    
5272.7598985569   	30                	16001.61          	14806.990507824017	352.4294921759833 	0.023248217423620644	0.023801561295643398	89413.59243827811 	83136.49081317546 	1836.435966137233 	2721.2699772837877	1729.2385872395214	-1.3072860549964902   	5.168420204637229    
5302.7598985569   	30                	16001.61          	14806.962108533817	352.457891466183  	0.023250090799396217	0.02380352491501603 	89893.6407382781  	83580.69967643148 	1847.0097028812183	2720.2555867543824	1728.7491914050777	-1.3142710477365533   	5.1961265365047415   
5332.7598985569   	30                	16001.61          	14806.934215593488	352.48578440651147	0.023251930773506603	0.02380545353104233 	90373.6890382781  	84024.90770289928 	1857.5842764134136	2719.245637994469 	1728.2562470482153	-1.3212560272986256   	5.223832818914154    
5362.7598985569   	30                	16001.61          	14806.908567299353	352.5114327006464 	0.023253622678218983	0.023807226950746364	90853.7373382781  	84469.11495991825 	1868.159619394433 	2718.248007376765 	1727.7552986985024	-1.3282409947797322   	5.251539055982693    
5392.7598985569   	30                	16001.61          	14806.88497188158 	352.5350281184194 	0.023255179163742375	0.023808858432268966	91333.7856382781  	84913.3215090747  	1878.7356702379857	2717.256998881563 	1727.2548340323688	-1.3352259511285645   	5.279245251270878    
5422.7598985569   	30                	16001.61          	14806.861813550104	352.558186449895  	0.02325670681661271 	0.02381045969695353 	91813.8339382781  	85357.5273634812  	1889.3124158314824	2716.2736910742674	1726.7532021321192	-1.3422108965385984   	5.306951405576641    
5452.7598985569   	30                	16001.61          	14806.84082815939 	352.57917184061046	0.023258091130175854	0.023811910719677733	92293.88223827809 	85801.73258832599 	1899.889790986701 	2715.2911550015447	1726.2462733681646	-1.349195832084834    	5.33465752271914     
5482.7598985569   	30                	16001.61          	14806.82051221967 	352.59948778033026	0.023259431283012826	0.02381331545751766 	92773.93053827809 	86245.93720369259 	1910.4677756201108	2714.310380894434 	1725.7368421411259	-1.35618075803672     	5.362363603925046    
5512.7598985569   	30                	16001.61          	14806.80077398811 	352.61922601188945	0.023260733326993344	0.0238146802536409  	93253.97883827808 	86690.14122691224 	1921.0463524004674	2713.3363059072735	1725.222634624988 	-1.3631656746493113   	5.390069650151604    
5542.7598985569   	30                	16001.61          	14806.782492637602	352.6375073623982 	0.023261939266963922	0.023815944317257354	93734.02713827808 	87134.34470169136 	1931.6254776213395	2712.3752920626544	1724.6982808095654	-1.370150582682277    	5.417775664034503    
5572.7598985569   	30                	16001.61          	14806.764403571107	352.65559642889156	0.023263132522807047	0.023817195088471712	94214.07543827807 	87578.5476337985  	1942.2051455142062	2711.421026357587 	1724.1657295127181	-1.3771354821503203   	5.445481645844336    
5602.7598985569   	30                	16001.61          	14806.746782379025	352.67321762097555	0.02326429491504131 	0.023818413511378422	94694.12373827808 	88022.75003726986 	1952.7853420428355	2710.472539012    	1723.6332489145327	-1.3841203733219842   	5.473187596517167    
5632.7598985569   	30                	16001.61          	14806.729079772053	352.690920227947  	0.02326546267785621 	0.02381963756666348 	95174.17203827808 	88466.95190966302 	1963.3660696496738	2709.5344147762553	1723.0952712453218	-1.391105256131408    	5.500893515805811    
5662.7598985569   	30                	16001.61          	14806.711667940155	352.7083320598451 	0.023266611259523458	0.023820841519021238	95654.22033827807 	88911.15325970123 	1973.947319611469 	2708.610419926407 	1722.546199755658 	-1.3980901307263534   	5.528599404264832    
5692.7598985569   	30                	16001.61          	14806.694368122091	352.72563187790786	0.023267752452132594	0.023822037728914336	96134.26863827807 	89355.35409074488 	1984.5290885678062	2707.6879091708292	1721.9881683081474	-1.4050749971711125   	5.556305262135524    
5722.7598985569   	30                	16001.61          	14806.67642055243 	352.7435794475686 	0.023268936374054458	0.02382327873106907 	96614.31693827806 	89799.55438336146 	1995.1113959512334	2706.753104437052 	1721.42590546267  	-1.412059855151296    	5.584011088237955    
5752.7598985569   	30                	16001.61          	14806.65796837193 	352.7620316280695 	0.023270153582925304	0.023824554628167557	97094.36523827806 	90243.75412241262 	2005.6942569000753	2705.8092780835455	1720.8623954528448	-1.4190447044155388   	5.611716881628734    
5782.7598985569   	30                	16001.61          	14806.638421788375	352.7815782116246 	0.02327144298473323 	0.023825906202483937	97574.41353827805 	90687.95327506628 	2016.277704246424 	2704.858919820885 	1720.3023966038832	-1.4260295444504862   	5.639422640381198    
5812.7598985569   	30                	16001.61          	14806.61895448945 	352.80104551055   	0.02327272715648422 	0.023827252298106772	98054.46183827806 	91132.15184370097 	2026.8617356117406	2703.8949544560364	1719.7616319294254	-1.433014375320777    	5.667128364737938    
5842.7598985569   	30                	16001.61          	14806.597509272135	352.82249072786493	0.023274141802777742	0.023828735163964693	98534.51013827806 	91576.34976897911 	2037.4464103335765	2702.928161845745 	1719.2271372859595	-1.4399991960633454   	5.6948340510844915   
5872.7598985569   	30                	16001.61          	14806.574905855807	352.8450941441929 	0.023275632850346048	0.023830298120103878	99014.55843827805 	92020.5470161548  	2048.0317631579023	2701.9600488465067	1718.6872769849938	-1.4469840061282202   	5.72253969735677     
5902.7598985569   	30                	16001.61          	14806.550434284472	352.86956571552764	0.023277247131851194	0.02383199025874794 	99494.60673827805 	92464.74352918332 	2058.617850129368 	2701.000338486697 	1718.1357938854094	-1.4539688046536008   	5.750245300320363    
5932.7598985569   	30                	16001.61          	14806.523773618608	352.896226381392  	0.02327900581825637 	0.023833833773337244	99974.65503827804 	92908.93924239189 	2069.20473692081  	2700.0505716425514	1717.571330896438 	-1.4609535905934792   	5.777950856049515    
5962.7598985569   	30                	16001.61          	14806.494705745206	352.92529425479427	0.023280923297513644	0.023835843747531442	100454.70333827804	93353.13408356423 	2079.792495748454 	2699.105813083232 	1716.9953908447374	-1.4679383628340543   	5.80565636036404     
5992.7598985569   	30                	16001.61          	14806.46287318913 	352.95712681087   	0.02328302315067925 	0.023838044901999433	100934.75163827803	93797.3279697599  	2090.3812095527796	2698.162505452318 	1716.4132187394182	-1.474923120037215    	5.833361808241891    
6022.7598985569   	30                	15440.150000000001	14258.060467963012	339.8995320369896 	0.023284043252412637	0.02383911421898673 	101397.95613827804	94225.0697837988  	2100.5781955138896	2683.765151860577 	1726.1510471654833	-1.4816491755508512   	5.860096327079383    
6052.7598985569   	30                	15440.150000000001	14257.978148524568	339.9818514754327 	0.023289682358044045	0.023845025426035907	101861.16063827803	94652.80912825454 	2110.777651058153 	2679.581726042137 	1729.1533289982801	-1.4883751921002977   	5.886830699681018    
6082.7598985569   	30                	15440.150000000001	14257.879301322848	340.08069867715324	0.02329645366045346 	0.023852123551473783	102324.36513827804	95080.54550729423 	2120.9800720184676	2677.525907242111 	1730.1186836001934	-1.495101162035897    	5.913564897336992    
6112.7598985569   	30                	15440.150000000001	14257.77186220529 	340.18813779471094	0.023303813532487477	0.02385983876600569 	102787.56963827804	95508.27866316038 	2131.1857161523085	2676.1994692475596	1730.2819343134092	-1.5018270812871433   	5.940298904770357    
6142.7598985569   	30                	15440.150000000001	14257.659557747007	340.30044225299395	0.02331150669360609 	0.023867903485469966	103250.77413827804	95936.00844989279 	2141.3947294198983	2675.170729077985 	1730.0933804233457	-1.508552947558941    	5.967032713367429    
6172.7598985569   	30                	15440.150000000001	14257.541973779076	340.4180262209241 	0.023319561515507927	0.02387634746907875 	103713.97863827804	96363.73470910617 	2151.6072702065258	2674.2639575590733	1729.752541189412 	-1.515278758471534    	5.993766314196784    
6202.7598985569   	30                	15440.150000000001	14257.411499031214	340.5485009687875 	0.023328499390927737	0.023885717333186857	104177.18313827804	96791.45705407711 	2161.82372523559  	2673.4147117106395	1729.3423338931068	-1.5220045078505335   	6.020499684085426    
6232.7598985569   	30                	15440.150000000001	14257.269039341167	340.69096065883326	0.02333825826751363 	0.023895948075240692	104640.38763827804	97219.17512525734 	2172.044454055355 	2672.5910485018853	1728.9073010391412	-1.5287301900032058   	6.047232801668046    
6262.7598985569   	30                	15440.150000000001	14257.116251393243	340.8437486067591 	0.023348724657880897	0.023906920768318133	105103.59213827804	97646.88861279914 	2182.2697665135574	2671.77169992002  	1728.4639525303005	-1.5354558000920318   	6.073965648789037    
6292.7598985569   	30                	15440.150000000001	14256.952273915562	341.007726084439  	0.023359957561497564	0.023918697315719068	105566.79663827804	98074.59718101661 	2192.499998296091 	2670.9529313059948	1728.0151671781819	-1.5421813328234204   	6.1006982055811045   
6322.7598985569   	30                	15440.150000000001	14256.772504871802	341.1874951281984 	0.023372272230380024	0.023931608294346308	106030.00113827804	98502.30035616276 	2202.735623149937 	2670.1347182660083	1727.5600063154811	-1.5489067805684884   	6.127430443412416    
6352.7598985569   	30                	15440.150000000001	14256.584576894873	341.3754231051279 	0.023385145808395683	0.02394510559411141 	106493.20563827804	98929.9978934696  	2212.9768858430907	2669.314658659904 	1727.1013576041457	-1.5556321396583044   	6.15416234858497     
6382.7598985569   	30                	15440.150000000001	14256.383883323564	341.57611667643766	0.02339889386437815 	0.023959520133011926	106956.41013827804	99357.68940996932 	2223.224169343384 	2668.502492668329 	1726.6306643036698	-1.5623574040668604   	6.18089389826724     
6412.7598985569   	30                	15440.150000000001	14256.169775408394	341.7902245916072 	0.023413560839432853	0.023974898586097682	107419.61463827804	99785.37450323156 	2233.4778760811323	2667.701711728629 	1726.1455517468937	-1.5690825674723183   	6.207625068948255    
6442.7598985569   	30                	15440.150000000001	14255.941715560699	342.0182844393035 	0.023429183559846953	0.023991279654712844	107882.81913827804	100213.0527546984 	2243.7384246143115	2666.913479957043 	1725.644697786827 	-1.5758076232634153   	6.234355835743587    
6472.7598985569   	30                	15440.150000000001	14255.704995095602	342.25500490439873	0.023445399556129672	0.024008283351973466	108346.02363827804	100640.72390455127	2254.006074761444 	2666.1368668019345	1725.1325874825607	-1.5825325675980633   	6.261086184233562    
6502.7598985569   	30                	15440.150000000001	14255.44749309981 	342.5125069001926 	0.023463039143838765	0.02402678043365401 	108809.22813827803	101068.38732934426	2264.2814499684496	2665.363978781717 	1724.61443582305  	-1.5892573904616232   	6.287816076904205    
6532.7598985569   	30                	15440.150000000001	14255.174217908892	342.78578209110833	0.02348175923835305 	0.024046411278542196	109272.43263827804	101496.04255588153	2274.565023431183 	2664.5929993378213	1724.0984131301361	-1.5959820844270785   	6.314545485665891    
6562.7598985569   	30                	15440.150000000001	14254.884469434017	343.0755305659838 	0.02350160779766377 	0.024067226311207376	109735.63713827803	101923.68908996455	2284.8572893481623	2663.818164395032 	1723.5875869371168	-1.602706641703851    	6.341274381495341    
6592.7598985569   	30                	15440.150000000001	14254.577189396443	343.3828106035581 	0.023522657316745493	0.024089301705770016	110198.84163827804	102351.32640564644	2295.158773666269 	2663.041767370502 	1723.0847849920408	-1.6094310540087409   	6.368002733305019    
6622.7598985569   	30                	15440.150000000001	14254.243199906383	343.7168000936175 	0.023545536506033547	0.024113297021330107	110662.04613827803	102778.95370164364	2305.470277669078 	2662.264703200915 	1722.5767200285686	-1.6161553084603946   	6.394730492534712    
6652.7598985569   	30                	15440.150000000001	14253.89704113157 	344.06295886843134	0.0235692493244557  	0.024138167820041818	111125.25063827804	103206.57061287758	2315.792166435131 	2661.4929451817206	1722.0559674486105	-1.62287939960465     	6.421457638929909    
6682.7598985569   	30                	15440.150000000001	14253.529920833733	344.43007916626846	0.02359439806426846 	0.024164545981191   	111588.45513827803	103634.1765105026 	2326.125068810119 	2660.7291228417052	1721.519469621555 	-1.629603317534012    	6.448184135235148    
6712.7598985569   	30                	15440.150000000001	14253.140766032559	344.81923396744315	0.023621056227544335	0.02419250883911852 	112051.65963827804	104061.77073348357	2336.469645829142 	2659.9759762108324	1720.9658268377336	-1.6363270518590587   	6.474909942458062    
6742.7598985569   	30                	15440.150000000001	14252.728538219702	345.2314617802985 	0.023649294954931954	0.02422213128205844 	112514.86413827803	104489.35258963016	2346.826589682551 	2659.2208287003423	1720.3980540364298	-1.6430505916899611   	6.501635019728213    
6772.7598985569   	30                	15440.150000000001	14252.303208847718	345.65679115228414	0.02367843117478635 	0.02425269699129774 	112978.06863827804	104916.92168589559	2357.1962934171193	2658.454978077876 	1719.8283131228345	-1.6497739312861832   	6.528359345572698    
6802.7598985569   	30                	15440.150000000001	14251.84214821804 	346.1178517819606 	0.023710015083063703	0.02428583253886495 	113441.27313827803	105344.47695034213	2367.579828970578 	2657.6828336459453	1719.2642381485953	-1.6564970533917287   	6.555082855012904    
6832.7598985569   	30                	15440.150000000001	14251.354328182613	346.60567181738736	0.02374343208348203 	0.024320893568126434	113904.47763827804	105772.01758018762	2377.9779991251   	2656.908732624894 	1718.7042415825406	-1.6632199453644214   	6.581805500888908    
6862.7598985569   	30                	15440.150000000001	14250.838053890915	347.1219461090855 	0.02377879827791592 	0.02435800230108647 	114367.68213827803	106199.54272180435	2388.391657508372 	2656.1363295856313	1718.1373798951536	-1.6699425937997563   	6.608527232605265    
6892.7598985569   	30                	15440.150000000001	14250.291098370844	347.66890162915655	0.023816266220016806	0.024397319270825533	114830.88663827804	106627.05145475546	2398.821724557247 	2655.3650985788277	1717.5456486029734	-1.6766649842254786   	6.635247996061811    
6922.7598985569   	30                	15440.150000000001	14249.71218444566 	348.2478155543421 	0.02385592339986834 	0.024438936804244624	115294.09113827803	107054.54282028884	2409.2691590238774	2654.593320931438 	1716.9438420924967	-1.6833871015510742   	6.661967734550779    
6952.7598985569   	30                	15440.150000000001	14249.084461254008	348.87553874599337	0.023898924147346158	0.024484067007578828	115757.29563827804	107482.01535412646	2419.735425186257 	2653.825675566123 	1716.331022382684 	-1.6901089221430339   	6.688686359373637    
6982.7598985569   	30                	15440.150000000001	14248.453161550515	349.50683844948725	0.023942169895621524	0.02452945835500462 	116220.50013827803	107909.46894897296	2430.2206303397415	2653.060640422381 	1715.720483378345 	-1.6968304455365362   	6.715403868785868    
7012.7598985569   	30                	15440.150000000001	14247.769093538289	350.19090646171287	0.02398903041669609 	0.02457864835980062 	116683.70463827804	108336.90202177913	2440.7263575335933	2652.2986881457146	1715.116078944892 	-1.7035516462274982   	6.742120167068525    
7042.7598985569   	30                	15440.150000000001	14247.027417904903	350.93258209509895	0.024039837216645262	0.024631986154112797	117146.90913827803	108764.31284431627	2451.2543349964462	2651.542755276839 	1714.5001062142533	-1.7102724963551537   	6.768835149657821    
7072.7598985569   	30                	15440.150000000001	14246.261949582762	351.69805041724   	0.024092273880544947	0.02468704082950969 	117610.11363827804	109191.70070280376	2461.8052765089633	2650.7937811444517	1713.8677317873746	-1.7169929853244947   	6.7955487767898095   
7102.7598985569   	30                	15440.150000000001	14245.452920492831	352.5070795071707 	0.024147694575623626	0.024745234951432875	118073.31813827803	109619.06429041855	2472.3804888941786	2650.0499394489975	1713.2187638537034	-1.7237130926101225   	6.822260971430957    
7132.7598985569   	30                	15440.150000000001	14244.59828437005 	353.3617156299511 	0.024206239476608448	0.024806716804199307	118536.52263827804	110046.40223894965	2482.981340363077 	2649.311847365147 	1712.5518412659485	-1.7304327966843462   	6.848971652786037    
7162.7598985569   	30                	15440.150000000001	14243.719286689106	354.24071331089516	0.024266453210646906	0.024869958904759976	118999.72713827803	110473.71381755034	2493.6085617624035	2648.5765858929954	1711.870862425677 	-1.7371520869508932   	6.875680781086358    
7192.7598985569   	30                	15440.150000000001	14242.750189703123	355.20981029687897	0.02433283899235776 	0.02493969251484028 	119462.93163827804	110900.99632324143	2504.26485607131  	2647.8401509223177	1711.2040989916838	-1.7438709200376066   	6.902388193552592    
7222.7598985569   	30                	15440.150000000001	14241.698085991235	356.26191400876615	0.024404910960762062	0.025015409809817635	119926.13613827803	111328.24726582116	2514.952713491573 	2647.1005899706756	1710.5616417217811	-1.7505892568154033   	6.929093743330025    
7252.7598985569   	30                	15440.150000000001	14240.558868531862	357.40113146813854	0.02448295045801869 	0.025097409081177795	120389.34063827804	111755.46403187711	2525.674747435617 	2646.3552664913514	1709.9197019767057	-1.7573070561996937   	6.95579727622476     
7282.7598985569   	30                	15440.150000000001	14239.330614094173	358.62938590582667	0.024567089230675156	0.025185831808052353	120852.54513827803	112182.64395029993	2536.4336290127917	2645.6022530919463	1709.2757587230299	-1.7640242761550788   	6.982498634474435    
7312.7598985569   	30                	15440.150000000001	14238.010974813531	359.9490251864691 	0.024657488113850778	0.02528085038164421 	121315.74963827804	112609.78427954434	2547.232099768386 	2644.8476869772467	1708.6247859483733	-1.7707408736046841   	7.009197656407944    
7342.7598985569   	30                	15440.150000000001	14236.560292728598	361.39970727140275	0.024756863785857938	0.02538532481444901 	121778.95413827804	113036.8810883262 	2558.074090986528 	2644.087918037858 	1707.965587966886 	-1.7774567853113585   	7.035894104762785    
7372.7598985569   	30                	15440.150000000001	14235.089294723259	362.87070527674194	0.02485763115371887 	0.025491284091294943	122242.15863827804	113463.9337671679 	2568.96021214483  	2643.320871112582 	1707.3190106312486	-1.784172004512319    	7.062587953942254    
7402.7598985569   	30                	15440.150000000001	14233.48117185279 	364.47882814721004	0.024967791948135906	0.02560714583779966 	122705.36313827804	113890.93820232348	2579.8945769892466	2642.550999956548 	1706.6729461769532	-1.7908864650917586   	7.089278956023619    
7432.7598985569   	30                	15440.150000000001	14231.770507906296	366.1894920937045 	0.02508497708540813 	0.02573042418652494 	123168.56763827804	114317.89131756067	2590.880261752058 	2641.7725080333703	1706.0343798451524	-1.7976001186791886   	7.115966929396594    
7462.7598985569   	30                	15440.150000000001	14229.953995606376	368.00600439362506	0.025209413123040824	0.025861362904423313	123631.77213827804	114744.78993742887	2601.9204418838667	2640.9838657682367	1705.3910490522758	-1.804312915369373    	7.1426516867626635   
7492.7598985569   	30                	15440.150000000001	14228.028256634618	369.9317433653829 	0.025341331485041942	0.026000211462391596	124094.97663827804	115171.6307851279 	2613.018394184828 	2640.1855510325317	1704.7342277173464	-1.8110248036050238   	7.169333034623019    
7500.0            	7.240101443099775 	15440.150000000001	14227.551985044765	370.408014955234  	0.02537395738550003 	0.026034557128632313	124206.7648905747 	115274.6397047866 	2615.7001857884416	2639.992289846395 	1704.5748858783163	-1.812644574404359    	7.175772019844413    