TIME              	DT                	WATINJ            	OILPROD           	WATPROD           	WC                  	WOR                 	CUMINJ            	CUMOPROD          	CUMWPROD          	PWBINJ            	PWBPROD           	MBEO                  	MBEW                 
Days              	Days              	SCF/D             	SCF/D             	SCF/D             	dec.                	SCF/SCF             	MSCF              	MSCF              	MSCF              	psia              	psia              	dec.                  	dec.                 
3                 	3                 	16815.727         	16576.835749943013	266.9642500569848 	0.015849407500503735	0.01610465676827995 	50.44718099999999 	49.73050724982904 	0.8008927501709543	2370.004301192597 	2192.8931837151194	-0.0007825335774357806	0.00293001329451178  
4.6431463854288655	1.6431463854288655	16815.727         	16576.27701054058 	267.52298945941993	0.015882579314609527	0.01613890678161969 	78.07788203840857 	76.9677569035664  	1.2404721833203245	2406.6607247933566	2154.285692751747 	-0.0012108275773309823	0.0045347141792492435
6.77116136960349  	2.1280149841746248	16815.727         	16575.653231662804	268.14676833719665	0.015919612459017362	0.016177146359757505	113.86200106419838	112.24099535302737	1.811092524299881 	2445.127767110734 	2113.86857846924  	-0.0017654840436249206	0.006612860550375144 
9.403728070556301 	2.6325667009528106	16815.727         	16574.98508053576 	268.814919464239  	0.015959279940645162	0.016218109286862174	158.1305240167115 	155.87574914483545	2.518765730000748 	2483.7254761869417	2073.805216127195 	-0.002451621713704757 	0.009183631104138754 
12.689232016127548	3.2855039455712465	16815.727         	16574.259093479377	269.5409065206222 	0.016002381085065256	0.016262621755844555	213.3786614228604 	210.33054279138207	3.404343441867103 	2522.459472619879 	2034.1528172426624	-0.0033078998558791197	0.012391871183176693 
16.519679482447216	3.8304474663196695	16815.727         	16573.510675868416	270.28932413158276	0.016046813909663067	0.016308513592423905	277.7904203043337 	273.81450476778423	4.4396724986601805	2559.152630766996 	1997.3147499010515	-0.004306157770875403 	0.016132070391387702 
20.375541635278083	3.8558621528308654	16815.727         	16572.826858149765	270.9731418502346 	0.016087411501575333	0.01635044788493535 	342.6295456159698 	337.7170406155427 	5.484507580754169 	2590.0635382699775	1966.8937657941433	-0.005310997578839164 	0.019896929954307987 
24.262802289086626	3.887260653808543 	16815.727         	16572.1893756033  	271.6106243967004 	0.016125258219445757	0.016389543846062442	407.99665954825576	402.13746032278937	6.540328874127833 	2616.6183515253747	1941.1788529777475	-0.006323980882891903 	0.023692300647377536 
28.188647059942262	3.925844770855638 	16815.727         	16571.58600661952 	272.2139933804794 	0.016161079648326353	0.016426550438307083	474.01259345934176	467.1949345916611 	7.608998756594319 	2639.9427711087455	1919.0510504584163	-0.007346981612831829 	0.027525203657820463 
32.160329038049724	3.97168197810746  	16815.727         	16571.008320160934	272.79167983906353	0.01619537633070112 	0.016461984362603606	540.7993133340167 	533.009709695913  	8.692440555188789 	2660.5347039158723	1899.7560757941144	-0.00838189056480726  	0.03140272326586245  
36.1898847006436  	4.029555662593876 	16815.727         	16570.449621624513	273.3503783754881 	0.016228545718631665	0.016496255962708737	608.5592212874994 	599.7812588004566 	9.793921120243915 	2678.9786675990936	1882.7496111622752	-0.009431844360298383 	0.035336611591131786 
40.28846949977536 	4.098584799131757 	16815.727         	16569.904946008122	273.8950539918785 	0.01626088257945823 	0.016529669595833314	677.4799043560489 	667.6944193352236 	10.9165032250924  	2695.6350476481443	1867.6448436779606	-0.010499749504503003 	0.03933775845275038  
44.47092517456162 	4.182455674786263 	16815.727         	16569.369928958447	274.43007104155276	0.016292646020586374	0.01656249285387302 	747.8109371728555 	736.9950746222287 	12.06429483305214 	2710.614734392077 	1854.1451046800564	-0.011589472417301901 	0.04342065031518239  
48.75834165087391 	4.287416476312286 	16815.727         	16568.8402306676  	274.95976933240047	0.016324093692183503	0.016594991894693503	819.9069621738249 	808.0325932205789 	13.2431618784109  	2724.3294679449696	1842.0113137278902	-0.012706506749692786 	0.047605870264570506 
53.16899728643048 	4.4106556355565765	16815.727         	16568.31246768958 	275.48753231041866	0.016355426466142957	0.016627374263230254	894.0753432323557 	881.1097139778562 	14.458242515321423	2736.750317902516 	1831.0688290381268	-0.013855612957277328 	0.051911254449334074 
57.734958846368386	4.5659615599379   	16815.727         	16567.78211905602 	276.0178809439792 	0.016386912747953505	0.016659917360121936	970.8553063167656 	956.7575702668925 	15.718529549567148	2748.111047969727 	1821.1550639565387	-0.015045142856681636 	0.056368094855949076 
62.486733319600816	4.751774473232428 	16815.727         	16567.245303702824	276.55469629717606	0.016418782952610223	0.016692859387756234	1050.759848624211 	1035.4813835928073	17.032655095884618	2758.637794332046 	1812.1509141183144	-0.016283040867321304 	0.06100615690124782  
67.45843277865849 	4.971699459057677 	16815.727         	16566.698094073898	277.10190592610303	0.01645127025529293 	0.01672644146423032 	1134.3625894537724	1117.8460275454863	18.410322491681278	2768.1195661013167	1803.9603784910842	-0.01757818936328746  	0.06585872053695845  
72.70920524174463 	5.250772463086141 	16815.727         	16566.134231798802	277.6657682011958 	0.016484746209358685	0.016761047829023056	1222.6581457321465	1204.8310289896042	19.868282261293775	2776.986287708991 	1796.4795579953611	-0.018945990975609256 	0.0709834950051762   
78.28421616375687 	5.575010922012233 	16815.727         	16565.549351532776	278.25064846722245	0.016519469981074487	0.016796946636815066	1316.4060074187223	1297.184147553532 	21.419532665555526	2785.199048514826 	1789.6530157712257	-0.020398203926401723 	0.07642453507995806  
84.25461051212113 	5.970394348364266 	16815.727         	16564.93672419945 	278.86327580054683	0.016555841069149885	0.01683455122367959 	1416.8025288631588	1396.0833521527043	23.084456391361456	2792.6111399712854	1783.4166321402288	-0.021953351261069974 	0.08225124144789409  
90.70553870598485 	6.45092819386371  	16815.727         	16564.288640452713	279.5113595472875 	0.016594317169954968	0.016874335240975872	1525.279576267774 	1502.9383887546971	24.887564101170227	2799.616421871052 	1777.718808626997 	-0.023633600621731088 	0.0885466699941014   
97.71626825687478 	7.010729550889932 	16815.727         	16563.59838832742 	280.20161167258084	0.016635296766322374	0.016916711278754652	1643.1700904663717	1619.061297444817 	26.851981820330177	2806.039002942396 	1772.532185174954 	-0.025459583265564453 	0.09538812034260259  
105.42216190399465	7.705893647119863 	16815.727         	16562.854248489708	280.94575151029227	0.01667947562368897 	0.016962399553561876	1772.7502943273737	1746.692890776426 	29.016919902078655	2812.049136808521 	1767.8085320669911	-0.02746653501432776  	0.10290761108253534  
113.5173202343761 	8.09515833038145  	16815.727         	16562.08628558918 	281.71371441081965	0.01672506883309109 	0.0170095548080764  	1908.8762668328438	1880.7656015397097	31.2974370240741  	2817.5368155472934	1763.7055300038394	-0.02957477054849826  	0.11080658346158874  
121.17072977241111	7.653409538035009 	16815.727         	16561.37093372942 	282.4290662705789 	0.01676753857624639 	0.017053483519010783	2037.5739122436369	2007.5165558068502	33.45898233368767 	2821.9106372605747	1760.4453429188452	-0.03156787462690633  	0.11827418972151228  
128.53136342798737	7.3606336555762555	16815.727         	16560.69174024584 	283.1082597541615 	0.016807861631826636	0.017095195309151913	2161.3483183428193	2129.4137407897274	35.54283851860578 	2825.412111352436 	1757.774845199837 	-0.03348465526448209  	0.12545583285384249  
135.72696116083534	7.195597732847979 	16815.727         	16560.035325189856	283.76467481014373	0.016846832354346628	0.017135511442931687	2282.34752542021  	2248.573093431546 	37.58469496933199 	2828.561975718256 	1755.5267783216932	-0.035358384682615235 	0.13247617452877264  
142.8413008180323 	7.114339657196953 	16815.727         	16559.393022587323	284.40697741267695	0.016884965234251   	0.017174963902646702	2401.9803188809074	2366.3822399112496	39.608062807522515	2831.337495196636 	1753.5939186870517	-0.03721088268607032  	0.13941696757655764  
149.95148221620377	7.110181398171482 	16815.727         	16558.757227951985	285.04277204801326	0.0169227117424817  	0.017214019634688965	2521.543188193037 	2484.118007530271 	41.634768623021536	2833.572828275725 	1751.8990392151857	-0.03906222685209466  	0.14635343697851488  
157.11979507880767	7.168312862603898 	16815.727         	16558.12199581174 	285.67800418826135	0.016960424855926887	0.017253043808985197	2642.083580341173 	2602.8118064134133	43.68259793500726 	2835.619019334461 	1750.387073210442 	-0.04092863563018061  	0.15334634891468713  
164.4085913942657 	7.288796315458038 	16815.727         	16557.481634442956	286.3183655570416 	0.016998442486674124	0.017292386117550674	2764.6499893405207	2723.4959175438053	45.769514182927395	2837.276606045046 	1749.0155889386997	-0.04282634122311705  	0.16045652069785318  
171.9047865729734 	7.4961951787076915	16815.727         	16556.82855580222 	286.97144419777607	0.01703721512947055 	0.017332512880143883	2890.7039610043857	2847.6091359384995	47.92070813934954 	2838.9185339042147	1747.747449356668 	-0.044777968034625144 	0.16776871985320962  
179.6709181169974 	7.766131544024009 	16815.727         	16556.157532655187	287.64246734481276	0.017077053120128045	0.017373745494838996	3021.297108894782 	2976.186433200684 	50.15457737839699 	2840.4807499675353	1746.5566843421325	-0.04679979058051321  	0.1753439221238783   
187.79960825882313	8.128690141825714 	16815.727         	16555.460974416474	288.3390255835243 	0.017118407104306885	0.017416550709708482	3157.9869431873144	3110.7606456168032	52.498395973161415	2841.9607350641922	1745.4176814551752	-0.04891591201171599  	0.1832724353319051   
196.39239292598938	8.592784667166244 	16815.727         	16554.730816969728	289.06918303027027	0.017161755840740825	0.017461424545420857	3302.4808643201677	3253.0118827499255	54.9823052168542  	2843.2372058176747	1744.307941513063 	-0.05115275135320775  	0.19165324408761697  
205.54315251517838	9.150759589188999 	16815.727         	16553.95995023324 	289.8400497667614 	0.01720752144805575 	0.01750880457836783 	3456.3575394146023	3404.4931905035733	57.63456183158841 	2844.1594045883558	1743.2091168310596	-0.053534729571669507 	0.20057784675314208  
215.4205602525983 	9.877407737419938 	16815.727         	16553.135389089097	290.6646109109034 	0.017256474840054107	0.017559489732832927	3622.4533313947436	3567.995258074321 	60.50557470839392 	2845.173350494906 	1742.0966697402814	-0.056105729041240386 	0.21021065813937223  
226.16708271841907	10.746522465820764	16815.727         	16552.246864630226	291.5531353697721 	0.017309225671747   	0.017614112316846803	3803.1639193793526	3745.8743508648813	63.63875702762566 	2846.4728083596965	1740.9506673098208	-0.05890280104848035  	0.22069049861988616  
237.95579230137213	11.788709582953075	16815.727         	16551.282188000034	292.5178119999653 	0.017366497583678583	0.01767342304223692 	4001.399641408575 	3940.9926098047176	67.08716456113412 	2847.3640925931104	1739.7492418356849	-0.06197095149720804  	0.23218599249008218  
249.22956646572948	11.273774164357347	16815.727         	16550.368462689785	293.43153731021573	0.017420744565372168	0.017729607529385898	4190.976350016062 	4127.577726189985 	70.39524544546968 	2848.399299325658 	1738.637231981203 	-0.06490492195873693  	0.24317875083087784  
260.0031403999025 	10.773573934173058	16815.727         	16549.50317829015 	294.2968217098506 	0.017472115657384355	0.01778281912993696 	4372.141828107431 	4305.875022255125 	73.5658740127529  	2849.3429077620744	1737.5990292735662	-0.06770857003135704  	0.25368322706974233  
270.4817337276624 	10.478593327759876	16815.727         	16548.668944041277	295.13105595872344	0.017521643332188905	0.017834126536502626	4548.346992851063 	4479.281794235463 	76.65843232653671 	2849.787821441423 	1736.6063157130557	-0.07043531670421141  	0.2638995746354389   
280.80152172628146	10.319787998619057	16815.727         	16547.854392246503	295.94560775349464	0.01757000247886431 	0.01788422841647434 	4721.881730533717 	4650.052143395464 	79.71252825767525 	2850.1100024979173	1735.641102140269 	-0.0731206067738715   	0.27396059528177136  
291.09485752397217	10.293335797690721	16815.727         	16547.04884854216 	296.7511514578412 	0.01761782682398516 	0.017933781073232635	4894.971655227012 	4820.3764736543   	82.76708750798218 	2850.2674829929956	1734.687929577375 	-0.0757988834054943   	0.2839953375374745   
301.47387366152634	10.379016137554178	16815.727         	16546.243552669344	297.5564473306546 	0.017665636455589273	0.01798332330740115 	5069.5023571247175	4992.110202503357 	85.85543067666035 	2850.570707604416 	1733.7340623959049	-0.07849932220022354  	0.29411311447773886  
312.0311713185748 	10.557297657048476	16815.727         	16545.431531122118	298.36846887788283	0.017713845383932537	0.018033284191871866	5247.030992383385 	5166.785248041729 	89.00539541408196 	2850.7637559164623	1732.7688777545204	-0.08124601193717398  	0.3044041796693851   
322.88460125331864	10.85342993474383 	16815.727         	16544.604158123777	299.19584187622337	0.017762965712975896	0.018084194642354827	5429.539307179665 	5346.3509500699965	92.25269652065225 	2850.7309582672387	1731.7800635124129	-0.08406960514791127  	0.31498337928388986  
334.1359744609425 	11.251373207623894	16815.727         	16543.754339313728	300.04566068627173	0.017813418627997943	0.018136491544320062	5618.739327414183 	5532.490904396863 	95.62862222836156 	2850.7869397551085	1730.7572198708185	-0.0869965756182875   	0.32594990325827655  
345.9117560557329 	11.775781594790377	16815.727         	16542.873456466103	300.92654353389815	0.01786571578467437 	0.018190705763772567	5816.757655923802 	5727.296169170462 	99.17226748109192 	2850.7198065469584	1729.6878701736678	-0.09005980437879237  	0.33742694701418113  
358.38730139437905	12.475545338646164	16815.727         	16541.949700481284	301.8502995187149 	0.017920558277747   	0.018247564826649947	6026.543020514599 	5933.666012648421 	102.93801457822158	2850.8679823476937	1728.554542173208 	-0.09330488113757447  	0.3495853222449203   
371.70972593505314	13.322424540674113	16815.727         	16540.973892496622	302.8261075033765 	0.01797849104735134 	0.018307634693791857	6250.569274568675 	6154.031889160468 	106.97239254438138	2850.913407362137 	1727.3418652036753	-0.09677003948851456  	0.36256827897441035  
386.09558620080844	14.385860265755323	16815.727         	16539.932443216112	303.8675567838863 	0.018040320876755025	0.01837175319954334 	6492.477973457764 	6391.973046093608 	111.34378875557084	2851.0031139569905	1726.0277475730747	-0.10051156153919932  	0.37658668988811184  
401.79391829557085	15.698332094762401	16815.727         	16538.81034749269 	304.9896525073098 	0.018106938606924198	0.018440845870969596	6756.456840318627 	6651.604783380841 	116.13161760609678	2851.2210581376976	1724.5865768109734	-0.10459415860665165  	0.3918830094311079   
419.06127039776123	17.267352102190383	16815.727         	16537.59322974329 	306.20677025671273	0.018179197702223534	0.018515800092724008	7046.819919281937 	6937.165228601618 	121.41899772419396	2850.9710382661087	1722.9939020838328	-0.10908447342870146  	0.40870692827439237  
437.14746310021053	18.086192702449317	16815.727         	16536.336803821927	307.46319617807256	0.018253790485405465	0.018593186618393667	7350.952398235716 	7236.244602628146 	126.97983633918156	2850.572148673532 	1721.3190630118042	-0.11378736757249293  	0.42632731836405424  
454.4480775058422 	17.300614405631695	16815.727         	16535.151389989533	308.64861001046836	0.018324167350031964	0.01866621010783886 	7641.874807013086 	7522.312880965101 	132.31964692780687	2850.450398964333 	1719.7101154645916	-0.11828566784495267  	0.4431811522117152   
471.32527117347666	16.877193667634454	16815.727         	16534.010464928   	309.7895350719992 	0.018391902959664638	0.018736502902857465	7925.677088254156 	7801.360577684386 	137.54802490742344	2850.0259728204637	1718.1333327225564	-0.12267357249478116  	0.45962136350649746  
487.98548946000903	16.6602182865324  	16815.727         	16532.899067912396	310.9009320876039 	0.018457885517971236	0.01880498579290373 	8205.830770720893 	8076.802285065014 	142.7277023014893 	2849.6575938358847	1716.5697145103154	-0.12700477453269235  	0.4758491246286685   
504.63570236186774	16.650212901858737	16815.727         	16531.80297550106 	311.997024498936  	0.018522959456828986	0.018872534651017382	8485.816205370425 	8352.060324258688 	147.92251918414303	2849.189256155958 	1715.0006300634318	-0.13133308845603886  	0.4920660629940523   
521.4426202342632 	16.80691787239554 	16815.727         	16530.7112710518  	313.0887289481962 	0.01858777288665243 	0.018939821996435804	8768.43674802405  	8629.89063096354  	153.18457573834806	2848.738049212552 	1713.4112037795396	-0.13570185017730493  	0.5084345457359717   
538.5604763795036 	17.117856145240406	16815.727         	16529.614391946445	314.1856080535531 	0.018652893530768183	0.01900743723378269 	9056.285943787685 	8912.842192261174 	158.56275977991368	2848.2166442811586	1711.7867150614193	-0.1401511414118676   	0.5251047472696624   
556.1645465998686 	17.60407022036498 	16815.727         	16528.50200762505 	315.2979923749487 	0.018718934704457943	0.019076017429135023	9352.311182702173 	9203.811102240848 	164.11328777802237	2847.1505532202827	1710.1110062134803	-0.14472650200630338  	0.5422472921705511   
574.4101803175488 	18.24563371768024 	16815.727         	16527.365637443723	316.4343625562779 	0.018786399895289532	0.019146085921846925	9659.124778240679 	9505.363361979822 	169.88683325291186	2846.1160696780753	1708.3703230581345	-0.1494682812197206   	0.5600133570052139   
593.484335244581  	19.0741549270322  	16815.727         	16526.195450690662	317.6045493093377 	0.018855872743047158	0.019218249612076587	9979.870560249357 	9820.58657436071  	175.94487163196843	2845.045676483078 	1706.5465991062138	-0.1544250302549616   	0.5785848489808185   
613.6195173108116 	20.135182066230616	16815.727         	16524.97961803555 	318.82038196444813	0.018928055543550037	0.019293239043785805	10318.458284970386	10153.320047610605	182.36437806924775	2844.0022968525445	1704.6158893409752	-0.15965712057707487  	0.598187962005062    
635.0628538676924 	21.443336556880833	16815.727         	16523.706404046123	320.09359595387843	0.019003645017981595	0.019371779437783877	10679.043578480014	10507.643445199654	189.22825277698902	2843.19911938489  	1702.552050557022 	-0.1652287031713093   	0.6190630504652397   
658.1074651639644 	23.044611296271967	16815.727         	16522.36254528515 	321.437454714849  	0.01908342860369092 	0.019454690806707604	11066.55547085924 	10888.394867751833	196.63565397695575	2842.241816524064 	1700.3250145570003	-0.17121585504393005  	0.6414951522642999   
683.1485682837599 	25.041103119795483	16815.727         	16520.93041814165 	322.8695818583525 	0.019168452597297075	0.019543062871556504	11487.639824700569	11302.097189987484	204.720664470516  	2841.313972562056 	1697.891298797522 	-0.17772114562726027  	0.6658685641934474   
710.5948363094562 	27.446268025696295	16815.727         	16519.393679849407	324.4063201505934 	0.019259687252911658	0.01963790720396166 	11949.168774989508	11755.492896546624	213.624407282599  	2840.4763639487205	1695.2047752497188	-0.18485059753076288  	0.6925805210081515   
740.5948363094562 	30                	16815.727         	16517.752332451488	326.04766754851084	0.019357132449240127	0.019739227286266033	12453.640584989509	12251.02546652017 	223.40583730905433	2839.0108319796304	1692.2575146740448	-0.19264263346493124  	0.7217749800792874   
770.5948363094562 	30                	16815.727         	16516.14789855902 	327.6521014409791 	0.01945238612670414 	0.019838288168245677	12958.11239498951 	12746.509903476941	233.2354003522837 	2837.919514559149 	1689.2976891925239	-0.20043391253140885  	0.7509665985627878   
800.5948363094562 	30                	16815.727         	16514.579501354336	329.22049864566355	0.01954550034111445 	0.01993514267914994 	13462.584204989509	13241.947288517571	243.1120153116536 	2836.981334164053 	1686.3211800124807	-0.2082244517214593   	0.7801554402282835   
830.5948363094562 	30                	16815.727         	16513.04623543198 	330.75376456802144	0.019636528845511193	0.020029845484131472	13967.05601498951 	13737.33867558053 	253.03462824869428	2835.507516048871 	1683.3340537273425	-0.21601426760233697  	0.8093415672540621   
860.5948363094562 	30                	16815.727         	16511.547210842655	332.2527891573457 	0.019725524475317075	0.02012245036244483 	14471.527824989511	14232.68509190581 	263.0022119234146 	2833.9360848943816	1680.3407099638534	-0.22380337634528957  	0.8385250403321678   
890.5948363094562 	30                	16815.727         	16510.081546668538	333.7184533314619 	0.019812539529765368	0.020213010601319577	14975.999634989512	14727.987538305866	273.0137655233585 	2832.206870156649 	1677.3438684229056	-0.2315917936924783   	0.8677059184724413   
920.5948363094562 	30                	16815.727         	16508.648356656853	335.15164334314545	0.019897626624820138	0.02030157988119002 	15480.471444989511	15223.24698900557 	283.0683148236528 	2830.4890259745966	1674.3434358791362	-0.23937953493478373  	0.8968842592782471   
950.5948363094562 	30                	16815.727         	16507.246812061818	336.55318793818344	0.019980834962311556	0.020388208389315692	15984.943254989512	15718.464393367427	293.16491046179834	2828.3041589786135	1671.3413972945064	-0.24716661502134066  	0.9260601185677187   
980.5948363094562 	30                	16815.727         	16505.876073534728	337.9239264652708 	0.020062214373554117	0.020472947025640943	16489.415064989513	16213.640675573468	303.30262825575653	2825.930271490978 	1668.336819451052 	-0.2549530484769246   	0.9552335510689642   
1010.5948363094562	30                	16815.727         	16504.535276554605	339.2647234453943 	0.02014181618431674 	0.020555848302335072	16993.886874989512	16708.776733870105	313.4805699591183 	2823.660891718384 	1665.3245452936815	-0.2627388494257675   	0.9844046097914055   
1040.5948363094562	30                	16815.727         	16503.223595149713	340.5764048502849 	0.0202196894317366  	0.02063696240232606 	17498.35868498951 	17203.873441724598	323.6978621046269 	2821.5136231637607	1662.3004726992262	-0.27052403159455163  	1.0135733461088192   
1070.5948363094562	30                	16815.727         	16501.940380912674	341.8596190873239 	0.020295872611128363	0.02071632857689531 	18002.83049498951 	17698.931653151976	333.9536506772466 	2819.0515870845284	1659.2723105681077	-0.27830860845258987  	1.0427398105726593   
1100.5948363094562	30                	16815.727         	16500.684948402726	343.11505159727335	0.02037040641644245 	0.020793988411401496	18507.30230498951 	18193.95220160406 	344.24710222516484	2816.3432187228027	1656.2424597173701	-0.2860925930566441   	1.0719040524014583   
1130.5948363094562	30                	16815.727         	16499.45655926736 	344.3434407326378 	0.0204433346829479  	0.020869986808094484	19011.77411498951 	18688.935898382082	354.5774054471439 	2813.5925376612317	1653.2072016679617	-0.29387599817361365  	1.101066119295041    
1160.5948363094562	30                	16815.727         	16498.254527395493	345.5454726045075 	0.020514698144391854	0.020944365480040708	19516.245924989507	19183.883534203946	364.9437696252792 	2810.6558395987204	1650.1651395316787	-0.3016588362722551   	1.1302260581214976   
1190.5948363094562	30                	16815.727         	16497.078198069445	346.72180193055374	0.02058453567072476 	0.021017164237672616	20020.717734989506	19678.79588014603 	375.3454236831958 	2807.7225246252324	1647.115442779424 	-0.3094411194455409   	1.1593839141949573   
1220.5948363094562	30                	16815.727         	16495.926816796447	347.873183203553  	0.02065289205544788 	0.021088429105380266	20525.189544989506	20173.673684649923	385.78161917930237	2804.814140672649 	1644.0542589961296	-0.3172228594490522   	1.1885397318505122   
1250.5948363094562	30                	16815.727         	16494.799719845934	349.0002801540633 	0.02071980670359796 	0.02115820052874962 	21029.6613549895  	20668.517676245297	396.2516275839243 	2801.4818201892163	1640.9870786694291	-0.3250040677722054   	1.2176935539934872   
1280.5948363094562	30                	16815.727         	16493.696349793703	350.1036502062978 	0.0207853127089076  	0.02122651240700674 	21534.1331649895  	21163.32856673911 	406.7547370901132 	2797.9480795363274	1637.9148496351288	-0.33278475560360765  	1.246845422687464    
1310.5948363094562	30                	16815.727         	16492.61616061876 	351.18383938123947	0.020849442488110728	0.02129339796434479 	22038.6049749895  	21658.107051557672	417.2902522715504 	2794.3339245614648	1634.8377259721985	-0.3405649338567339   	1.275995378891625    
1340.5948363094562	30                	16815.727         	16491.558581745023	352.241418254976  	0.02091222991575393 	0.02135889197549115 	22543.0767849895  	22152.853809010023	427.85749481919964	2790.7916166741647	1631.7527411122517	-0.3483446132132294   	1.3051434626950773   
1370.5948363094562	30                	16815.727         	16490.523030484936	353.2769695150642 	0.020973709585429903	0.021423029994984664	23047.548594989497	22647.56949992457 	438.4558039046516 	2787.3205856525715	1628.65422582781  	-0.35612380407769434  	1.3342897130753484   
1400.5948363094562	30                	16815.727         	16489.50902346811 	354.29097653188853	0.02103391019436758 	0.021485841453960604	23552.020404989496	23142.254770628613	449.0845332006083 	2783.748631770691 	1625.5429418113943	-0.3639025165772913   	1.3634341682559403   
1430.5948363094562	30                	16815.727         	16488.516159543437	355.2838404565643 	0.02109285555851793 	0.021547350714814232	24056.492214989496	23636.910255414914	459.7430484143052 	2779.8665653399057	1622.4243436338436	-0.3716807607045977   	1.3925768655244148   
1460.5948363094562	30                	16815.727         	16487.5439692971  	356.25603070289907	0.021150573546521514	0.02160758639166116 	24560.964024989495	24131.536574493828	470.4307293353922 	2775.8663949342526	1619.2972303280847	-0.37945854622102815  	1.4217178415879814   
1490.5948363094562	30                	16815.727         	16486.591947777015	357.2080522229834 	0.021207094136892115	0.021666579324245837	25065.43583498949 	24626.13433292714 	481.1469709020817 	2771.9978256761756	1616.1564205989894	-0.3872358826364371   	1.450857132137918    
1520.5948363094562	30                	16254.267000000002	15936.195298912016	346.14470108798344	0.021258903885312763	0.02172066133700151 	25553.063844989494	25104.220191894503	491.5313119347212 	2754.168067986263 	1623.5902446340147	-0.3947535765526638   	1.4790219626384955   
1550.5948363094562	30                	16254.267000000002	15935.287795212422	347.052204787578  	0.02131463934468743 	0.021778847627204192	26040.691854989494	25582.278825750873	501.94287807834854	2746.145757836257 	1624.1785720697114	-0.4022708423469206   	1.5071851865051833   
1580.5948363094562	30                	16254.267000000002	15934.37516183162 	347.96483816838025	0.021370689849762398	0.021837369500492074	26528.3198649895  	26060.31008060582 	512.3818232233999 	2740.5433977333314	1622.6912828787374	-0.40978767764891827  	1.5353467945548713   
1610.5948363094562	30                	16254.267000000002	15933.471981845278	348.86801815472313	0.021426159762953183	0.021895291782746792	27015.9478749895  	26538.31424006118 	522.8478637680416 	2735.9727286516595	1620.3499823797752	-0.4173040868705631   	1.5635068036330293   
1640.5948363094562	30                	16254.267000000002	15932.583395983875	349.7566040161255 	0.02148073335995474 	0.021952284530598384	27503.5758849895  	27016.291741940695	533.3405618885254 	2731.780303842428 	1617.608533458904 	-0.4248200769151847   	1.5916652393612118   
1670.5948363094562	30                	16254.267000000002	15931.711496864351	350.62850313564877	0.02153428212011595 	0.022008213191951086	27991.203894989503	27494.24308684663 	543.8594169825949 	2727.7305437143536	1614.670287259903 	-0.43233565563848175  	1.6198221315097314   
1700.5948363094562	30                	16254.267000000002	15930.857033942932	351.4829660570679 	0.021586760014658084	0.022063029334089435	28478.831904989504	27972.168797864913	554.4039059643069 	2723.8643187853986	1611.6275887457211	-0.43985083128805025  	1.6479775108170887   
1730.5948363094562	30                	16254.267000000002	15930.020184866335	352.31981513366503	0.02163815613318878 	0.02211672119966126 	28966.459914989504	28450.069403410904	564.9735004183168 	2720.0781411093694	1608.5248452182575	-0.44736561217518417  	1.67613140854807     
1760.5948363094562	30                	16254.267000000002	15929.20085453502 	353.13914546498063	0.021688476316363656	0.02216929453585504 	29454.087924989508	28927.945429046955	575.5676747822663 	2716.4097621779565	1605.3832330102123	-0.4548800065565942   	1.7042838556189943   
1790.5948363094562	30                	16254.267000000002	15928.398933582339	353.9410664176622 	0.0217377272810703  	0.02222075601531032 	29941.71593498951 	29405.797397054426	586.1859067747961 	2712.6520357960467	1602.2210613749721	-0.46239402262621815  	1.7324348829978085   
1820.5948363094562	30                	16254.267000000002	15927.614185241382	354.7258147586179 	0.021785923568640495	0.02227112049758895 	30429.34394498951 	29883.625822611666	596.8276812175546 	2708.812482582243 	1599.0456773622027	-0.4699076684994948   	1.7605845209270183   
1850.5948363094562	30                	16254.267000000002	15926.846283992782	355.49371600721867	0.02183308517124803 	0.02232040855222583 	30916.971954989513	30361.43121113145 	607.4924926977711 	2705.0161269363844	1595.856271712396 	-0.4774209521432904   	1.7887327993787427   
1880.5948363094562	30                	16254.267000000002	15926.094929368852	356.2450706311479 	0.021879230542486392	0.02236863915549107 	31404.599964989513	30839.214059012513	618.1798448167056 	2701.2811928299575	1592.6533381604238	-0.4849338813328819   	1.816879747534245    
1910.5948363094562	30                	16254.267000000002	15925.359859894867	356.98014010513305	0.021924375741148572	0.022415828794181466	31892.227974989513	31316.97485480936 	628.8892490198596 	2697.539873389018 	1589.4395779841511	-0.49244646375086515  	1.8450253942269488   
1940.5948363094562	30                	16254.267000000002	15924.640783997358	357.6992160026419 	0.02196853867457883 	0.02246199590022107 	32379.855984989517	31794.71407832928 	639.6202254999388 	2693.791383129375 	1586.2145465852648	-0.49995870696988004  	1.8731697678776027   
1970.5948363094562	30                	16254.267000000002	15923.937368806412	358.4026311935876 	0.022011739786393578	0.0225071615702073  	32867.48399498952 	32272.432199393472	650.3723044357464 	2690.07043809667  	1582.973890143742 	-0.5074706183715104   	1.9013128961181052   
2000.5948363094562	30                	16254.267000000002	15923.249352162646	359.0906478373553 	0.022053995177434893	0.022551342373382147	33355.11200498952 	32750.129679958354	661.1450238708671 	2686.2900680178955	1579.7181814956862	-0.5149822051868711   	1.9294548063028452   
2030.5948363094562	30                	16254.267000000002	15922.575719689954	359.7642803100468 	0.0220953671468626  	0.02259460320010663 	33842.74001498952 	33227.80695154905 	671.9379522801686 	2682.525701253894 	1576.458308719763 	-0.5224934742370494   	1.957595523816521    
2060.5948363094562	30                	16254.267000000002	15921.91511755803 	360.4248824419693 	0.022135938841835345	0.022637030770532602	34330.36802498952 	33705.46440507579 	682.7506987534276 	2678.7806265177   	1573.2024964342002	-0.5300044316426124   	1.9857350717019342   
2090.5948363094562	30                	16254.267000000002	15921.2673909295  	361.07260907049914	0.02217571977188163 	0.02267863482251455 	34817.99603498951 	34183.10242680368 	693.5828770255425 	2675.0074439124023	1569.9475051528636	-0.5375150835117832   	2.01387347288376     
2120.5948363094562	30                	16254.267000000002	15920.632246153938	361.70775384606105	0.022214727971904595	0.02271943401829669 	35305.62404498951 	34660.7213941883  	704.4341096409244 	2671.142897632057 	1566.689663738941 	-0.5450254357459774   	2.0420107495104993   
2150.5948363094562	30                	16254.267000000002	15920.009535042174	362.3304649578258 	0.022252972543124996	0.022759437685026862	35793.25205498951 	35138.32168023957 	715.3040235896591 	2667.21692454334  	1563.4262386986506	-0.5525354942189508   	2.0701469236268504   
2180.5948363094562	30                	16254.267000000002	15919.399120533091	362.9408794669088 	0.022290461903320336	0.022798654441597736	36280.880064989506	35615.90365385555 	726.1922499736664 	2663.2416509171303	1560.1580355549304	-0.5600452647449229   	2.098282017054065    
2210.5948363094562	30                	16254.267000000002	15918.800808765716	363.53919123428335	0.022327207958701474	0.02283709656283279 	36768.508074989506	36093.467678118526	737.0984257106949 	2659.294748239973 	1556.8812992183066	-0.5675547530268449   	2.126416051195794    
2240.5948363094562	30                	16254.267000000002	15918.2144376246  	364.12556237540144	0.02236322066578891 	0.022874774290937257	37256.136084989506	36571.01411124726 	748.0221925819568 	2655.327594921834 	1553.5944822238987	-0.5750639646937508   	2.1545490471782727   
2270.5948363094562	30                	16254.267000000002	15917.639886557128	364.70011344287167	0.022398507428469844	0.022911695203688496	37743.7640949895  	37048.543307843975	758.9631959852429 	2651.2541512338453	1550.29904533701  	-0.5825729053246146   	2.182681025939856    
2300.5948363094562	30                	16254.267000000002	15917.076985929041	365.2630140709593 	0.022433078665041958	0.02294787003881792 	38231.3921049895  	37526.05561742185 	769.9210864073717 	2647.207639358735 	1546.9924491733195	-0.5900815804201779   	2.210812008125286    
2330.5948363094562	30                	16254.267000000002	15916.525586018675	365.8144139813258 	0.02246694357084582 	0.022983308260608265	38719.0201149895  	38003.551385002414	780.8955188268114 	2643.180105392222 	1543.6734634335792	-0.5975899953952476   	2.2389420139849814   
2360.5948363094562	30                	16254.267000000002	15915.985575192915	366.3544248070849 	0.022500109001966848	0.023018016891024003	39206.64812498949 	38481.0309522582  	791.886151571024  	2639.1578963193224	1540.3436474343519	-0.6050981556196895   	2.2670710638879092   
2390.5948363094562	30                	16254.267000000002	15915.456841381072	366.88315861892954	0.022532581841364908	0.023052002985237154	39694.27613498949 	38958.494657499636	802.8926463295919 	2635.1344210172365	1537.004336111399 	-0.6126060664181766   	2.2951991776026004   
2420.5948363094562	30                	16254.267000000002	15914.939302730932	367.40069726906773	0.022564367116094355	0.023085271660823956	40181.904144989494	39435.942836581555	813.9146672476639 	2631.0415899538016	1533.6588081174705	-0.6201137330875344   	2.3233263750802853   
2450.5948363094562	30                	16254.267000000002	15914.432826466582	367.9071735334176 	0.022595472980752006	0.023117831313571393	40669.53215498949 	39913.37582137556 	824.9518824536665 	2626.9286665899667	1530.3064255341726	-0.6276211608292469   	2.3514526757707648   
2480.5948363094562	30                	16254.267000000002	15913.937270008293	368.40272999170816	0.022625908192047833	0.023149690974716038	41157.16016498949 	40390.79393947581 	836.0039643534177 	2622.8439701627904	1526.945472962814 	-0.6351283547820955   	2.379578099175727    
2510.5948363094562	30                	16254.267000000002	15913.452453573145	368.8875464268556 	0.022655683791571457	0.02318086207270673 	41644.78817498949 	40868.197513082996	847.0705907462235 	2618.804448358689 	1523.571424869171 	-0.6426353200390681   	2.407702664194168    
2540.5948363094562	30                	16254.267000000002	15912.978246466884	369.3617535331164 	0.02268480780607188 	0.02321135288519136 	42132.41618498948 	41345.586860477   	858.1514433522169 	2614.7896566807976	1520.183244204228 	-0.6501420615990071   	2.4358263896589656   
2570.5948363094562	30                	16254.267000000002	15912.514513245216	369.8254867547823 	0.022713288554027388	0.023241171999997104	42620.04419498948 	41822.96229587436 	869.2462079548604 	2610.802227057055 	1516.7797206083737	-0.6576485844021472   	2.463949294111232    
2600.5948363094562	30                	16254.267000000002	15912.061173090755	370.27882690924565	0.022741130998937847	0.02327032449670521 	43107.67220498948 	42300.324131067086	880.3545727621378 	2606.7966740106094	1513.3636828171557	-0.6651548933423364   	2.492071395917988    
2630.5948363094562	30                	16254.267000000002	15911.618173055349	370.72182694465124	0.022768338392678892	0.023298813666383075	43595.300214989475	42777.67267625874 	891.4762275704772 	2602.7524105892476	1509.939935266976 	-0.6726609933021644   	2.520192713404       
2660.5948363094562	30                	16254.267000000002	15911.185406705617	371.15459329438403	0.022794917271988176	0.023326646243338002	44082.928224989475	43255.008238459915	902.6108653693088 	2598.6232486144486	1506.5090123628727	-0.6801668891031325   	2.5483132646647646   
2690.5948363094562	30                	16254.267000000002	15910.76274416757 	371.57725583242956	0.022820875613236768	0.02335383047356665 	44570.556234989475	43732.33112078494 	913.7581830442817 	2594.412643549114 	1503.0694864703626	-0.6876725855304624   	2.5764330676596194   
2720.5948363094562	30                	16254.267000000002	15910.350012291074	371.9899877089274 	0.022846224050654108	0.023380377390915818	45058.18424498947 	44209.64162115367 	924.9178826755495 	2590.2305587558185	1499.6165819556215	-0.6951780872508626   	2.60455213990311     
2750.5948363094562	30                	16254.267000000002	15909.9470877735  	372.3929122264993 	0.02287097015702284 	0.023406294827509284	45545.81225498947 	44686.94003378687 	936.0896700423446 	2586.0366695890575	1496.1494023891685	-0.7026833988985339   	2.6326704987877805   
2780.5948363094562	30                	16254.267000000002	15909.553955982286	372.78604401771474	0.022895114831020278	0.02343158362887605 	46033.44026498946 	45164.22665246634 	947.2732513628761 	2581.771135505087 	1492.675371515825 	-0.7101885250992793   	2.660788161602849    
2810.5948363094562	30                	16254.267000000002	15909.170530014608	373.1694699853922 	0.022918663409890235	0.023456249292278443	46521.06827498946 	45641.501768366776	958.4683354624378 	2577.4650728929473	1489.1959729193475	-0.7176934704098895   	2.6889051456657476   
2840.5948363094562	30                	16254.267000000002	15908.796095616786	373.54390438321457	0.022941659760403882	0.02348033767848303 	47008.69628498946 	46118.765651235284	969.6746525939342 	2573.1695597877206	1485.6871572427576	-0.7251982390919932   	2.7170214667553085   
2870.5948363094562	30                	16254.267000000002	15908.430317588736	373.9096824112649 	0.022964124469287882	0.023503870271717603	47496.324294989456	46596.01856076294 	980.8919430662722 	2568.9142211890126	1482.144421570545 	-0.7327028352148253   	2.7451371402155154   
2900.5948363094562	30                	16254.267000000002	15908.073074613181	374.2669253868191 	0.02298606498739242 	0.023526854800792377	47983.952304989456	47073.26075300134 	992.1199508278768 	2564.708225154784 	1478.5668517583026	-0.7402072628162536   	2.7732521812008253   
2930.5948363094562	30                	16254.267000000002	15907.724387853244	374.61561214675413	0.02300748001495818 	0.023549289830090442	48471.58031498946 	47550.49248463694 	1003.3584191922795	2560.5012728426996	1474.9644870495724	-0.747711525927161    	2.8013666048394747   
2960.5948363094562	30                	16254.267000000002	15907.384245203632	374.95575479636875	0.023028370295447013	0.023571176066198615	48959.20832498945 	48027.71401199305 	1014.6070918361705	2556.270798629397 	1471.3444541801002	-0.7552156285906139   	2.829480426305432    
2990.5948363094562	30                	16254.267000000002	15907.052581073138	375.2874189268626 	0.023048739857223385	0.023592517659330233	49446.83633498945 	48504.92558942524 	1025.8657144039764	2552.0270652705344	1467.7093438254678	-0.7627195747928996   	2.857593660559566    
3020.5948363094562	30                	15692.807         	15358.254240505938	362.6257594940625 	0.02306650515073345 	0.023611131435607537	49917.620544989455	48965.67321664042 	1036.7444871887983	2533.8664894923945	1474.6188023185844	-0.769964632479183    	2.8847352645979703   
3050.5948363094562	30                	15692.807         	15357.893926104343	362.9860738956585 	0.023089424631169402	0.023635146566462376	50388.40475498945 	49426.410034423556	1047.6340694056682	2525.9263340308908	1474.6528122975456	-0.7772095198046459   	2.911876229257991    
3080.5948363094562	30                	15692.807         	15357.5388023738  	363.3411976262011 	0.023112013934728913	0.0236588168391956  	50859.18896498945 	49887.13619849477 	1058.534305334454 	2520.255663820826 	1472.6163285271764	-0.7844542399972648   	2.939016566654495    
3110.5948363094562	30                	15692.807         	15357.1750745533  	363.70492544669986	0.02313515054161725 	0.02368306174026469 	51329.973174989456	50347.85145073137 	1069.4454530978553	2515.390946268388 	1469.7496455097669	-0.7916987885969043   	2.9661562600482205   
3140.5948363094562	30                	15692.807         	15356.80891095782 	364.0710890421826 	0.023158442087350236	0.023707470162137683	51800.757384989454	50808.555718060095	1080.3675857691205	2510.8867781080444	1466.5049480168884	-0.7989431641289885   	2.993295303833156    
3170.5948363094562	30                	15692.807         	15356.468286392852	364.41171360714765	0.023180109103761854	0.0237301772003168  	52271.54159498946 	51269.24976665188 	1091.299937177335 	2506.5463304402087	1463.0779107396531	-0.8061873793005266   	3.020433745915182    
3200.5948363094562	30                	15692.807         	15356.127987541618	364.75201245838343	0.023201755401630407	0.023752863531373642	52742.32580498946 	51729.93360627813 	1102.2424975510867	2502.2797066249746	1459.5575961047691	-0.8134314339540882   	3.0475715854880367   
3230.5948363094562	30                	15692.807         	15355.797096425511	365.08290357449107	0.02322280327656537 	0.02377492365143808 	53213.110014989456	52190.607519170895	1113.1949846583213	2498.001039658663 	1455.98645953366  	-0.820675332513637    	3.074708839227028    
3260.5948363094562	30                	15692.807         	15355.47570920182 	365.4042907981798 	0.023243246612033152	0.023796351068382078	53683.89422498946 	52651.271790446954	1124.1571133822667	2493.715599895813 	1452.3880496359448	-0.8279190794583271   	3.101845523942796    
3290.5948363094562	30                	15692.807         	15355.163761166066	365.71623883393494	0.023263089523864754	0.02381715001691148 	54154.67843498946 	53111.92670328193 	1135.1286005472848	2489.419787142218 	1448.7720294913786	-0.835162679249307    	3.1289816563784036   
3320.5948363094562	30                	15692.807         	15354.861119887122	366.01888011287923	0.023282340435960277	0.023837329250658176	54625.462644989464	53572.57253687855 	1146.1091669506711	2485.116156671217 	1445.142151995835 	-0.8424061362717146   	3.156117252991639    
3350.5948363094562	30                	15692.807         	15354.567616278893	366.3123837211082 	0.023301010103830583	0.023856899971103337	55096.24685498946 	54033.20956536692 	1157.0985384623045	2480.8234400017327	1441.498728819467 	-0.84964945483277     	3.1832523299478592   
3380.5948363094562	30                	15692.807         	15354.28307219448 	366.5969278055212 	0.023319109859341283	0.02387587398785179 	55567.03106498946 	54493.83805753275 	1168.0964462964703	2476.5323561364953	1437.841206325952 	-0.8568926391757085   	3.21038690317228     
3410.5948363094562	30                	15692.807         	15354.00731460325 	366.87268539675085	0.02333665070891393 	0.023894262773199084	56037.815274989465	54954.45827697085 	1179.1026268583728	2472.2552721964494	1434.1691620855502	-0.864135693425319    	3.2375209881455804   
3440.5948363094562	30                	15692.807         	15353.740208585425	367.1397914145758 	0.023353641234751223	0.023912075261588738	56508.59948498946 	55415.07048322841 	1190.11682060081  	2467.985483922194 	1430.4849184083093	-0.8713786216672162   	3.2646546002014114   
3470.5948363094562	30                	15692.807         	15353.475666310243	367.4043336897575 	0.0233704686817632  	0.02392971739265161 	56979.38369498947 	55875.67475321771 	1201.1389506115027	2463.733372193973 	1426.7856942803473	-0.8786214248754609   	3.291787742995505    
3500.5948363094562	30                	15692.807         	15353.231377259423	367.6486227405778 	0.02338600782784283 	0.023946009390904112	57450.16790498947 	56336.27169453549 	1212.16840929372  	2459.475952027951 	1423.0736503049015	-0.8858641130867101   	3.318920454196273    
3530.5948363094562	30                	15692.807         	15352.983738072806	367.89626192719544	0.023401760074957343	0.023962525343844066	57920.952114989464	56796.86120667768 	1223.205297151536 	2455.2094927032044	1419.3474178627687	-0.8931066842633127   	3.3460527261562416   
3560.5948363094562	30                	15692.807         	15352.749867701448	368.1301322985518 	0.02341663649226709 	0.023978123493890204	58391.73632498947 	57257.44370270872 	1234.2492011204924	2450.912654426908 	1415.6052693026195	-0.9003491451218829   	3.3731845840834236   
3590.5948363094562	30                	15692.807         	15352.523820921228	368.35617907877304	0.02343101525352099 	0.023993200295628646	58862.52053498947 	57718.019417336356	1245.2998864928556	2446.6088048150027	1411.8463955045215	-0.9075914993493314   	3.400316041815102    
3620.5948363094562	30                	15692.807         	15352.3103054287  	368.5696945713009 	0.023444596903691196	0.02400744169696542 	59333.30474498947 	58178.58872649922 	1256.3569773299946	2442.2827638482777	1408.0748472532057	-0.9148337530476358   	3.42744712225251     
3650.5948363094562	30                	15692.807         	15352.099221751021	368.7807782489789 	0.023458023866919593	0.024021521286579903	59804.08895498947 	58639.15170315176 	1267.420400677464 	2437.9363869185954	1404.2931880871995	-0.9220759071916637   	3.454577828982602    
3680.5948363094562	30                	15692.807         	15351.895699259936	368.98430074006575	0.023470969865558782	0.024035096900629233	60274.87316498947 	59099.70857412955 	1278.489929699666 	2433.5396443872805	1400.509334783062 	-0.9293179652985831   	3.481708175421016    
3710.5948363094562	30                	15692.807         	15351.695334554719	369.184665445281  	0.02348371499847852 	0.024048462231678943	60745.657374989474	59560.25943416619 	1289.5654696630243	2429.1225319899468	1396.7205845280882	-0.9365599287408107   	3.5088381665031347   
3740.5948363094562	30                	15692.807         	15351.510741285421	369.36925871457987	0.023495456915553065	0.02406077583760018 	61216.44158498947 	60020.80475640476 	1300.6465474244617	2424.6990406929654	1392.9225498322412	-0.9438018052504675   	3.5359678313200553   
3770.5948363094562	30                	15692.807         	15351.328809096234	369.55119090376616	0.023507029562197926	0.024072912221435407	61687.22579498948 	60481.34462067764 	1311.7330831515746	2420.2822362645315	1389.1100470486845	-0.951043595953143    	3.563097174096212    
3800.5948363094562	30                	15692.807         	15351.153703364005	369.72629663599565	0.023518167980163682	0.024084593495730222	62158.010004989475	60941.87923177856 	1322.8248720506547	2415.876771016394 	1385.279546923022 	-0.9582853040399577   	3.590226206808145    
3830.5948363094562	30                	15692.807         	15350.985293169833	369.8947068301668 	0.02352888049715835 	0.02409582836319603 	62628.79421498947 	61402.40879057366 	1333.9217132555596	2411.487942424813 	1381.4311966154455	-0.9655269327034175   	3.6173549413657913   
3860.5948363094562	30                	15692.807         	15350.823512779987	370.0564872200142 	0.023539171294483147	0.024106621179764844	63099.57842498948 	61862.933495957055	1345.02340787216  	2407.1074474055345	1377.5703410608203	-0.9727684850217709   	3.644483389537488    
3890.5948363094562	30                	15692.807         	15350.668237391292	370.21176260870993	0.023549048310826742	0.024116980243696812	63570.36263498948 	62323.453543078795	1356.1297607504214	2402.729623550919 	1373.6971926239048	-0.9800099640972949   	3.6716115627509263   
3920.5948363094562	30                	15692.807         	15350.519327956848	370.3606720431524 	0.023558520390916562	0.024126914805327786	64041.14684498948 	62783.9691229175  	1367.240580911716 	2398.357382236681 	1369.8105102914672	-0.9872513729333262   	3.6987394723496836   
3950.5948363094562	30                	15692.807         	15350.376684331939	370.50331566806045	0.0235675939049252  	0.024136431521334035	64511.93105498948 	63244.48042344746 	1378.3556803817578	2393.968425313944 	1365.9122562793948	-0.994492714475722    	3.7258671293898087   
3980.5948363094562	30                	15692.807         	15350.24016511535 	370.6398348846511 	0.023576277847337495	0.024145539802495064	64982.71526498948 	63704.98762840092 	1389.4748754282973	2389.550153757249 	1362.000751116214 	-1.0017339916274446   	3.7529945447663615   
4010.5948363094562	30                	15692.807         	15350.10965939669 	370.77034060331044	0.023584579273126596	0.024154247026915567	65453.49947498948 	64165.49091818282 	1400.5979856463966	2385.0920733618696	1358.0766508856277	-1.0089752071895333   	3.7801217289918756   
4040.5948363094562	30                	15692.807         	15349.983067843405	370.8969321565974 	0.02359263172014527 	0.024162693243198904	65924.28368498948 	64625.99041021812 	1411.7248936110946	2380.6194120554965	1354.149598915346 	-1.0162163630642003   	3.8072486891337087   
4070.5948363094562	30                	15692.807         	15349.85817471368 	371.02182528632227	0.023600576131000445	0.024171026276810725	66395.06789498948 	65086.48615545953 	1422.8555483696841	2376.1129396299852	1350.2256131656136	-1.0234574599966944   	3.834375428204254    
4100.594836309456 	30                	15692.807         	15349.735011391485	371.14498860851506	0.023608410509368117	0.024179244028191858	66865.85210498948 	65546.97820580128 	1433.9898980279395	2371.575842836128 	1346.2971421371608	-1.0306984988459376   	3.8615019491399005   
4130.594836309456 	30                	15692.807         	15349.613362686185	371.26663731381575	0.02361614854345404 	0.024187360850165675	67336.63631498948 	66007.46660668186 	1445.127897147354 	2367.0325525568314	1342.3563520751543	-1.0379394802899446   	3.8886282547725117   
4160.594836309456 	30                	15692.807         	15349.493304934897	371.3866950651039 	0.023623785377479115	0.024195371644333188	67807.42052498947 	66467.95140582991 	1456.269497999307 	2362.5004826945724	1338.399004735463 	-1.045180405107941    	3.9157543478111716   
4190.594836309456 	30                	15692.807         	15349.374939437474	371.5050605625277 	0.023631314567793132	0.024203269646375758	68278.20473498947 	66928.43265401303 	1467.4146498161829	2357.9702276191715	1334.4300205133613	-1.0524212740990306   	3.942880231326789    
4220.594836309456 	30                	15692.807         	15349.258352539024	371.6216474609764 	0.023638730622012025	0.02421104908951539 	68748.98894498945 	67388.9104045892  	1478.5632992400122	2353.424575763358 	1330.4533368810155	-1.0596620880736118   	3.9700059083608576   
4250.594836309456 	30                	15692.807         	15349.143523196362	371.7364768036394 	0.02364603487868614 	0.02421871137251752 	69219.77315498945 	67849.3847102851  	1489.7153935441215	2348.879769189668 	1326.4641260323515	-1.0669028478874014   	3.997131382124954    
4280.594836309456 	30                	15692.807         	15349.030453900361	371.8495460996406 	0.023653227179371673	0.02422625632390673 	69690.55736498945 	68309.85562390211 	1500.8708799271105	2344.333150094332 	1322.4600096147599	-1.0741435543592819   	4.024256655692411    
4310.594836309456 	30                	15692.807         	15348.919184671671	371.9608153283294 	0.023660304978368216	0.024233681267915672	70161.34157498943 	68770.32319944227 	1512.0297043869605	2339.77099253934  	1318.4422330532122	-1.081384208350238    	4.051381732294576    
4340.594836309456 	30                	15692.807         	15348.809707870598	372.0702921294036 	0.023667268761634434	0.02424098670912654 	70632.12578498943 	69230.78749067838 	1523.1918131508426	2335.2038281929176	1314.408272692236 	-1.0886248106977374   	4.078506615074538    
4370.594836309456 	30                	15692.807         	15348.702059587938	372.17794041206315	0.023674116233446417	0.02424817023401488 	71102.90999498943 	69691.24855246602 	1534.3571513632044	2330.634937212073 	1310.359643360977 	-1.095865362259963    	4.105631307253126    
4400.594836309456 	30                	15692.807         	15348.596265339509	372.2837346604907 	0.02368084577075143 	0.02425523013470547 	71573.69420498941 	70151.7064404262  	1545.525663403019 	2326.062107579376 	1306.2973174678518	-1.103105863909742    	4.1327558121061365   
4430.594836309456 	30                	15692.807         	15348.49233617656 	372.387663823442  	0.023687456670583452	0.02426216566859276 	72044.47841498941 	70612.16121051149 	1556.6972933177224	2321.4801656970617	1302.2212323485448	-1.1103463165262457   	4.15988013293317     
4460.594836309456 	30                	15692.807         	15348.39030535224 	372.4896946477607 	0.02369394681772017 	0.024268974611485302	72515.26262498941 	71072.61291967206 	1567.8719841571553	2316.8702960391647	1298.133523340812 	-1.117586721026863    	4.187004273177264    
4490.594836309456 	30                	15692.807         	15348.288579304053	372.5914206959488 	0.02370041757814758 	0.024275763305516597	72986.04683498939 	71533.06157705118 	1579.0497267780336	2312.252998428094 	1294.0328860005295	-1.1248270774717317   	4.214128233064122    
4520.594836309456 	30                	15131.347000000002	14800.058136979409	359.36186302059036	0.023705515317907305	0.024281111580412594	73439.98724498939 	71977.06332116056 	1589.8305826686515	2293.9823821459477	1300.477278398944 	-1.1318088132303858   	4.240281567922805    
4550.594836309456 	30                	15131.347000000002	14799.91595126835 	359.50404873164945	0.023714894681435665	0.02429095205103783 	73893.9276549894  	72421.06079969861 	1600.615704130601 	2285.9666100440654	1300.0125385688475	-1.1387904820538912   	4.266434651496483    
4580.594836309456 	30                	15131.347000000002	14799.753030049604	359.6669699503953 	0.02372564187484715 	0.024302227829080862	74347.8680649894  	72865.05339060011 	1611.4057132291127	2280.139282883915 	1297.4680899469954	-1.1457720740114206   	4.292587446657538    
4610.594836309456 	30                	15131.347000000002	14799.586397310748	359.833602689252  	0.02373663390085188 	0.024313760738248594	74801.80847498939 	73309.04098251942 	1622.2007213097904	2275.0629833830467	1294.1083577356032	-1.1527535873553367   	4.318739946846945    
4640.594836309456 	30                	15131.347000000002	14799.417437104496	360.00256289550384	0.023747779459603588	0.02432545500020292 	75255.74888498939 	73753.02350563255 	1633.0007981966555	2270.295006885765 	1290.3904824868841	-1.1597350208836825   	4.344892147338242    
4670.594836309456 	30                	15131.347000000002	14799.255001272382	360.1649987276172 	0.023758494634202182	0.02433669794166339 	75709.68929498938 	74197.00115567072 	1643.805748158484 	2265.6676353648327	1286.5011633781419	-1.16671637776725     	4.371044060318897    
4700.594836309456 	30                	15131.347000000002	14799.099423799573	360.32057620042593	0.023768757393120975	0.024347466415487868	76163.62970498938 	74640.9741383847  	1654.6153654444968	2261.092381399089 	1282.525875885476 	-1.1736976614067918   	4.397195698265       
4730.594836309456 	30                	15131.347000000002	14798.944529463128	360.475470536871  	0.02377897508855029 	0.024358187830166037	76617.57011498937 	75084.9424742686  	1665.4296295606027	2256.5297340188813	1278.5045032970022	-1.1806788719648185   	4.423347062073681    
4760.594836309456 	30                	15131.347000000002	14798.790846937596	360.62915306240455	0.023789112846164598	0.024368825588006182	77071.51052498937 	75528.90619967673 	1676.2485041524749	2251.9653396195513	1274.4563513192747	-1.1876600099072794   	4.449498153278279    
4790.594836309456 	30                	15131.347000000002	14798.644303890755	360.7756961092455 	0.02379877964389439 	0.02437896936372698 	77525.45093498936 	75972.86552879344 	1687.0717750357521	2247.407570185092 	1270.384935979795 	-1.1946410787388837   	4.475648985104061    
4820.594836309456 	30                	15131.347000000002	14798.504410541356	360.9155894586423 	0.02380800779044596 	0.024388653031826163	77979.39134498936 	76416.82066110968 	1697.8992427195114	2242.8571035344444	1266.2933978988747	-1.2016220816832228   	4.5017995695776305   
4850.594836309456 	30                	15131.347000000002	14798.362916825248	361.05708317475177	0.02381734150612304 	0.02439844766641328 	78433.33175498935 	76860.77154861444 	1708.730955214754 	2238.313497749442 	1262.1826163196504	-1.2086030177643472   	4.527949903251583    
4880.594836309456 	30                	15131.347000000002	14798.22791780826 	361.1920821917409 	0.023826246795176916	0.02440779289235575 	78887.27216498935 	77304.71838614868 	1719.5667176805061	2233.767175617569 	1258.0524462010637	-1.2155838901742815   	4.554099997890437    
4910.594836309456 	30                	15131.347000000002	14798.09899377247 	361.32100622752927	0.02383475134454546 	0.02441671774054121 	79341.21257498935 	77748.66135596186 	1730.4063478673322	2229.202077679436 	1253.9048155122855	-1.2225647018641466   	4.580249864641803    
4940.594836309456 	30                	15131.347000000002	14797.971089814491	361.44891018550857	0.023843188603885148	0.02442557212686376 	79795.15298498934 	78192.6004886563  	1741.2498151728973	2224.6144068018043	1249.7427090643498	-1.2295454532281098   	4.606399504913218    
4970.594836309456 	30                	15131.347000000002	14797.84675045314 	361.57324954686027	0.023851390722525023	0.02443417989416522 	80249.09339498934 	78636.53589116989 	1752.0970126593031	2219.997196747364 	1245.5735437338008	-1.2365261459103467   	4.6325489250908225   
5000.594836309456 	30                	15131.347000000002	14797.725898719149	361.6941012808521 	0.02385936277778781 	0.024442546358569826	80703.03380498933 	79080.46766813147 	1762.9478356977286	2215.35621476348  	1241.3997711619995	-1.2435067816065162   	4.6586981313231535   
5030.594836309456 	30                	15131.347000000002	14797.608415048207	361.81158495179227	0.023867112656802983	0.02445067978578575 	81156.97421498933 	79524.39592058292 	1773.8021832462823	2210.6979479036295	1237.219838203892 	-1.2504873618671226   	4.684847129501188    
5060.594836309456 	30                	15131.347000000002	14797.492232683842	361.9277673161582 	0.023874776694369455	0.0244587232501973  	81610.91462498932 	79968.32068756344 	1784.6600162657671	2206.032279534853 	1233.0300113843714	-1.2574678872477478   	4.710995921710072    
5090.594836309456 	30                	15131.347000000002	14797.381152712562	362.0388472874391 	0.023882104149594057	0.024466413587046952	82064.85503498933 	80412.24212214482 	1795.5211816843905	2201.3682066657248	1228.823760554989 	-1.2644483602369436   	4.737144517289547    
5120.594836309456 	30                	15131.347000000002	14797.274721971602	362.14527802839893	0.02388912491562335 	0.024473782154674113	82518.79544498933 	80856.16036380397 	1806.3855400252423	2196.707696821191 	1224.597166857326 	-1.2714287830822943   	4.763292924674984    
5150.594836309456 	30                	15131.347000000002	14797.169206576304	362.2507934236962 	0.023896085300341055	0.024481087454396422	82972.73585498933 	81300.07544000127 	1817.2530638279534	2192.02745691255  	1220.3511819652506	-1.2784091561561184   	4.7894411452637256   
5180.594836309456 	30                	15131.347000000002	14797.064784419965	362.3552155800339 	0.02390297356891187 	0.024488317166899396	83426.67626498932 	81743.98738353387 	1828.1237202953544	2187.3402397072773	1216.0860274548718	-1.2853894799137067   	4.815589180764516    
5210.594836309456 	30                	15131.347000000002	14796.964644505892	362.4553554941078 	0.02390957935686905 	0.024495250492383068	83880.61667498932 	82187.89632286904 	1838.9973809601775	2182.6556280918744	1211.8004595752366	-1.2923697564302694   	4.841737038965796    
5240.594836309456 	30                	15131.347000000002	14796.866974813018	362.5530251869824 	0.023916022195241134	0.024502012879085426	84334.55708498931 	82631.80233211344 	1849.8739717157869	2177.970030755945 	1207.4946707202562	-1.2993499868749077   	4.867884724255294    
5270.594836309456 	30                	15131.347000000002	14796.773185746106	362.64681425389506	0.02392220904585367 	0.024508506665712543	84788.49749498931 	83075.70552768582 	1860.7533761434038	2173.255719827419 	1203.1788501471806	-1.3063301731305828   	4.894032243699927    
5300.594836309456 	30                	15131.347000000002	14796.680341791716	362.7396582082842 	0.023928333551566233	0.024514935095527   	85242.4379049893  	83519.60593793957 	1871.6355658896523	2168.5205793251403	1198.8617163503527	-1.313310315586698    	4.9201795987611545   
5330.594836309456 	30                	15131.347000000002	14796.589795778338	362.8302042216624 	0.023934306472257014	0.02452120449572662 	85696.3783149893  	83963.50363181291 	1882.5204720163022	2163.76998817511  	1194.5380437450378	-1.3202904153326045   	4.946326793527401    
5360.594836309456 	30                	15131.347000000002	14796.500162223741	362.91983777625916	0.023940219202071   	0.02452741079291257 	86150.3187249893  	84407.39863667963 	1893.40806714959  	2158.9873590098514	1190.2039391147346	-1.327270472738963    	4.972473829389788    
5390.594836309456 	30                	15131.347000000002	14796.41384117517 	363.00615882483015	0.023945913420489053	0.024533387800675304	86604.25913498929 	84851.29105191489 	1904.298251914335 	2154.189534292797 	1185.8530270737097	-1.334250489439183    	4.998620712478642    
5420.594836309456 	30                	15131.347000000002	14796.330389168266	363.0896108317339 	0.023951418380896757	0.02453916621769514 	87058.19954498929 	85295.18096358994 	1915.1909402392869	2149.393088052891 	1181.4806672112345	-1.3412304668121424   	5.024767447969       
5450.594836309456 	30                	15131.347000000002	14796.24741311534 	363.1725868846599 	0.023956891944722152	0.02454491174314543 	87512.13995498928 	85739.0683859834  	1926.0861178458267	2144.598500675298 	1177.084635576378 	-1.3482104050353603   	5.050914036527112    
5480.594836309456 	30                	15131.347000000002	14796.165985273468	363.25401472653164	0.023962263379900525	0.024550550128193755	87966.08036498928 	86182.95336554159 	1936.9837382876228	2139.798972076905 	1172.6682303581495	-1.3551903048443972   	5.077060480913595    
5510.594836309456 	30                	15131.347000000002	14796.086010707339	363.3339892926613 	0.023967538948895226	0.02455608794310407 	88420.02077498927 	86626.83594586281 	1947.8837579664028	2134.995610097578 	1168.2372393388616	-1.362170166939457    	5.103206783756371    
5540.594836309456 	30                	15131.347000000002	14796.007411767749	363.41258823225184	0.02397272377388131 	0.024561530561495792	88873.96118498927 	87070.71616821585 	1958.7861356133703	2130.1818628324527	1163.7986656657401	-1.3691499919570422   	5.129352947444292    
5570.594836309456 	30                	15131.347000000002	14795.930067241727	363.48993275827263	0.023977825850743144	0.024566886373911797	89327.90159498926 	87514.59407023308 	1969.6908335961184	2125.3391096357727	1159.3556560282843	-1.3761297804832167   	5.155498974176901    
5600.594836309456 	30                	15131.347000000002	14795.853760790184	363.5662392098173 	0.02398285945041547 	0.02457217035851541 	89781.84200498926 	87958.4696830568  	1980.597820772413 	2120.471520078918 	1154.9027020087135	-1.3831095329990053   	5.181644865759522    
5630.594836309456 	30                	15131.347000000002	14795.77826819883 	363.64173180117064	0.023987839363324628	0.024577398039463773	90235.78241498927 	88402.34303110276 	1991.507072726448 	2115.5846906822712	1150.4339908951868	-1.3900892499141373   	5.2077906237299105   
5660.594836309456 	30                	15131.347000000002	14795.702559187606	363.71744081239495	0.023992833552497057	0.024582640760545657	90689.72282498927 	88846.21410787839 	2002.41859595082  	2110.6836454169666	1145.944753607649 	-1.397068931085264    	5.233936247550061    
5690.594836309456 	30                	15131.347000000002	14795.62808712192 	363.79191287808027	0.02399774614583409 	0.024587797877585468	91143.66323498926 	89290.08295049204 	2013.3323533371624	2105.778800073907 	1141.4326645952149	-1.4040485771266868   	5.260081739525501    
5720.594836309456 	30                	15131.347000000002	14795.554672042153	363.8653279578472 	0.024002589014477285	0.02459288185020946 	91597.60364498926 	89733.9495906533  	2024.248313175898 	2100.8630614927397	1136.9018072979493	-1.4110281885685492   	5.286227101645901    
5750.594836309456 	30                	15131.347000000002	14795.479804453978	363.9401955460206 	0.024007527698686405	0.02459806646057273 	92051.54405498925 	90177.81398478692 	2035.1665190422784	2095.939642216654 	1132.3635972332559	-1.4180077646536922   	5.312372331069581    
5780.594836309456 	30                	15131.347000000002	14795.40561617229 	364.01438382771016	0.024012421572046302	0.024603204080449137	92505.48446498925 	90621.67615327207 	2046.0869505571097	2091.0083782287716	1127.8090438756963	-1.424987305752881    	5.338517429188054    
5810.594836309456 	30                	15131.347000000002	14795.331801781093	364.08819821890785	0.02401729078150139 	0.02460831585913323 	92959.42487498924 	91065.5361073255  	2057.0095965036767	2086.0712597062757	1123.235550297535 	-1.4319668120615836   	5.364662396663125    
5840.594836309456 	30                	15131.347000000002	14795.255771749207	364.16422825079326	0.024022306146989348	0.024613581128225336	93413.36528498924 	91509.39378047799 	2067.934523351201 	2081.1276929350615	1118.6455517086656	-1.4389462824611583   	5.390807229511848    
5870.594836309456 	30                	15131.347000000002	14795.18056126149 	364.2394387385103 	0.024027267450767265	0.02461878969508527 	93867.30569498923 	91953.24919731583 	2078.861706513356 	2076.173028296141 	1114.0373509916908	-1.4459257174028626   	5.416951929212416    
5900.594836309456 	30                	15131.347000000002	14795.102566072545	364.317433927457  	0.024032412448989272	0.024624191167345683	94321.24610498923 	92397.102274298   	2089.79122953118  	2071.210335461524 	1109.4099127838717	-1.452905115537095    	5.443096490771471    
5930.594836309456 	30                	15131.347000000002	14795.02503839511 	364.39496160489045	0.024037526607541083	0.024629560319042097	94775.18651498923 	92840.95302544985 	2100.7230783793266	2066.232572576651 	1104.7701907896167	-1.4598844771321906   	5.469240915196096    
5960.594836309456 	30                	15131.347000000002	14794.94425851419 	364.47574148581083	0.02404285529959661 	0.024635154760793535	95229.12692498922 	93284.80135320527 	2111.657350623901 	2061.233052729932 	1100.1228007353366	-1.4668638005702186   	5.49538519641406     
5990.594836309456 	30                	15131.347000000002	14794.862593890113	364.55740610988727	0.0240482423542515  	0.024640810537871424	95683.06733498922 	93728.64723102198 	2122.5940728071973	2056.209957204261 	1095.4666823601415	-1.4738430856303513   	5.521529333596578    
6020.594836309456 	30                	14569.887         	14246.825257475542	351.1347425244582 	0.024053685756397346	0.024646525536642774	96120.16394498922 	94156.05198874626 	2133.1281150829313	2037.6908621752739	1101.3721465937695	-1.4805638411340334   	5.546703187696729    
6050.594836309456 	30                	14569.887         	14246.673598034527	351.28640196547514	0.024064074840969223	0.024657433157866313	96557.26055498922 	94583.4521966873  	2143.666707141895 	2029.468355749169 	1100.32876830604  	-1.4872845250302713   	5.5718767731199685   
6080.594836309456 	30                	14569.887         	14246.497770168755	351.46222983124676	0.024076119528430463	0.024670079306591822	96994.35716498921 	95010.84712979237 	2154.210574036833 	2023.379241682865 	1097.2020537050817	-1.4940051259726976   	5.5970500472824325   
6110.594836309456 	30                	14569.887         	14246.308144721259	351.6518552787416 	0.02408910938780087 	0.02468371817501649 	97431.45377498922 	95438.23637413401 	2164.7601296951952	2017.9963258638045	1093.2668044344591	-1.5007256374769065   	5.622222985703993    
6140.594836309456 	30                	14569.887         	14246.104599709117	351.85540029088435	0.024103052775242863	0.02469835861643671 	97868.55038498921 	95865.61951212528 	2175.3157917039216	2012.8915797238428	1088.979506634352 	-1.5074460527971556   	5.6473955630673185   
6170.594836309456 	30                	14569.887         	14245.901159963123	352.058840036877  	0.024116988951667015	0.024712991904387766	98305.64699498922 	96292.99654692417 	2185.877556905028 	2007.8839684370707	1084.5383738656035	-1.5141663722999779   	5.672567780963449    
6200.594836309456 	30                	14569.887         	14245.681262183472	352.2787378165291 	0.024132052548200507	0.0247288094779775  	98742.74360498921 	96720.36698478968 	2196.4459190395237	2002.9157661151607	1080.0169964791107	-1.5208865878974345   	5.697739608822264    
6230.594836309456 	30                	14569.887         	14245.457891822143	352.5021081778573 	0.024147354026032217	0.024744877339479367	99179.84021498922 	97147.73072154436 	2207.020982284859 	1997.964861332192 	1075.4456399887827	-1.5276066981320882   	5.722911041245681    
6260.594836309456 	30                	14569.887         	14245.23136142836 	352.7286385716418 	0.024162871974689734	0.02476117302852103 	99616.93682498921 	97575.0876623872  	2217.6028414420084	1993.0198427071402	1070.8374178631873	-1.5343267016684963   	5.748082073221676    
6290.594836309456 	30                	14569.887         	14244.986805467464	352.9731945325379 	0.024179624723765364	0.024778765986435372	100054.03343498921	98002.43726655122 	2228.1920372779846	1988.0702861694504	1066.2000524766722	-1.541046589652937    	5.7732526715214885   
6320.594836309456 	30                	14569.887         	14244.738750940987	353.2212490590141 	0.024196617134107375	0.02479661124256707 	100491.13004498922	98429.77942907946 	2238.788674749755 	1983.1146986258325	1061.539872779511 	-1.5477663606130596   	5.7984228306192644   
6350.594836309456 	30                	14569.887         	14244.48731754916 	353.47268245084166	0.024213841005924226	0.02481470021145405 	100928.22665498921	98857.11404860593 	2249.39285522328  	1978.1519227031708	1056.8565230199433	-1.5544860131643479   	5.823592545246994    
6380.594836309456 	30                	14569.887         	14244.221443158905	353.73855684109594	0.024232054125446014	0.02483382880929491 	101365.32326498922	99284.4406919007  	2260.005011928513 	1973.1738848758773	1052.1611745564228	-1.5612055402809073   	5.848761789251325    
6410.594836309456 	30                	14569.887         	14243.940145911389	354.01985408861367	0.02425132375267596 	0.02485406779740171 	101802.41987498921	99711.75889627804 	2270.625607551171 	1968.185759909949 	1047.449121816942 	-1.5679249344880861   	5.873930534363846    
6440.594836309456 	30                	14569.887         	14243.660903452868	354.2990965471333 	0.024270452621265797	0.024874159736647906	102239.51648498922	100139.06872338163	2281.254580447585 	1963.1905568820396	1042.7189166763922	-1.5746441971757121   	5.899098785872507    
6470.594836309456 	30                	14569.887         	14243.36496531247 	354.59503468753104	0.024290725189514906	0.024895453816643247	102676.61309498921	100566.36967234101	2291.8924314882106	1958.1726521676676	1037.9714349334954	-1.5813633202725024   	5.924266513485104    
6500.594836309456 	30                	14569.887         	14243.057825737598	354.90217426240275	0.024311765086519124	0.024917554825978783	103113.7097049892 	100993.66140711313	2302.5394967160832	1953.1264641658418	1033.2077731023753	-1.5880822984780307   	5.9494336973087      
6530.594836309456 	30                	14569.887         	14242.731764039154	355.2282359608465 	0.024334101200499694	0.02494101846794213 	103550.80631498921	101420.94336003432	2313.1963437949084	1948.0632768420373	1028.4289290165111	-1.5948011225961733   	5.97460030282947     
6560.594836309456 	30                	14569.887         	14242.407618030426	355.55238196957606	0.024356306084519757	0.024964345320341644	103987.9029249892 	101848.21558857523	2323.8629152539957	1942.9843990734937	1023.6366465955173	-1.6015197940899777   	5.999766335466552    
6590.594836309456 	30                	14569.887         	14242.062949975883	355.89705002411876	0.02437991678454515 	0.02498915018661123 	104424.99953498921	102275.4774770745 	2334.539826754719 	1937.8919151962546	1018.8304763934841	-1.6082383029598142   	6.024931757905914    
6620.594836309456 	30                	14569.887         	14241.704301954855	356.25569804514663	0.024404485150332417	0.025014962429478753	104862.0961449892 	102702.72860613315	2345.2274976960734	1932.7845747480785	1014.0105874300378	-1.6149566426739907   	6.050096545346353    
6650.594836309456 	30                	14569.887         	14241.321583481402	356.6384165185983 	0.024430702407637662	0.025042508479849613	105299.19275498921	103129.96825363759	2355.9266501916313	1927.664021532142 	1009.1715382963928	-1.6216748014832019   	6.075260653907154    
6680.594836309456 	30                	14569.887         	14240.931678598039	357.0283214019618 	0.024457411953585417	0.025070573292512964	105736.2893649892 	103557.19620399554	2366.63749983369  	1922.535967539798 	1004.2959827701826	-1.6283927763532375   	6.1004240722006795   
6710.594836309456 	30                	14569.887         	14240.533316862808	357.4266831371942 	0.024484700816908265	0.025099248404829782	106173.3859749892 	103984.41220350142	2377.360300327806 	1917.4019317595594	999.4011728491837 	-1.6351105636546248   	6.125586786461602    
6740.594836309456 	30                	14569.887         	14240.097214432377	357.8627855676247 	0.02451457502059361 	0.025130642029952563	106610.48258498921	104411.6151199344 	2388.0961838948347	1912.264017797099 	994.4811606687031 	-1.6418281448632293   	6.1507487271673      
6770.594836309456 	30                	14569.887         	14239.661547759639	358.29845224036177	0.02454441937369069 	0.025162006206301563	107047.5791949892 	104838.80496636718	2398.8451374620454	1907.118253330897 	989.5285187290561 	-1.6485455209179174   	6.175909898056827    
6800.594836309456 	30                	14569.887         	14239.194824342172	358.76517565782973	0.024576391198347557	0.02519560832502368 	107484.67580498921	105265.98081109744	2409.6080927317803	1901.9450129373442	984.5477565707109 	-1.6552626768056549   	6.201070242569606    
6830.594836309456 	30                	14569.887         	14238.706251134181	359.2537488658192 	0.024609859793136794	0.025230785896520825	107921.7724149892 	105693.14199863146	2420.3857051977548	1896.7537194388665	979.5481145521316 	-1.6619796022239068   	6.226229722039355    
6860.594836309456 	30                	14569.887         	14238.182476111979	359.7775238880221 	0.02464573980802948 	0.025268500701661645	108358.86902498921	106120.28747291482	2431.1790309143958	1891.5502477776135	974.5256662084633 	-1.6686962800866323   	6.251388272484352    
6890.594836309456 	30                	14569.887         	14237.659361382546	360.3006386174541 	0.024681574591069854	0.025306170731596096	108795.9656349892 	106547.41725375628	2441.988050072919 	1886.332046511222 	969.4788520535774 	-1.6754127116337618   	6.2765458985581555   
6920.594836309456 	30                	14569.887         	14237.0849544548  	360.875045545201  	0.02472092302932745 	0.025347537554187508	109233.0622449892 	106974.52980238994	2452.814301439275 	1881.101955411622 	964.410556017169  	-1.6821288717110132   	6.3017025057110345   
6950.594836309456 	30                	14569.887         	14236.496378063248	361.463621936753  	0.024761242114429205	0.025389928275732613	109670.1588549892 	107401.62469373184	2463.658210097378 	1875.86477074305  	959.3236214767229 	-1.6888447540988347   	6.3268580706723      
6980.594836309456 	30                	14569.887         	14235.894556642288	362.065443357714  	0.024802468520102393	0.025433276561379056	110107.2554649892 	107828.70153043109	2474.5201733981094	1870.61883337849  	954.2177900812671 	-1.6955603531465333   	6.352012572162623    
7010.594836309456 	30                	14569.887         	14235.232027014164	362.7279729858353 	0.024847853603231912	0.025481001805765256	110544.3520749892 	108255.75849124152	2485.402012587684 	1865.3658051527902	949.086653057582  	-1.7022756390415281   	6.377165898436505    
7040.594836309456 	30                	14569.887         	14234.570073926321	363.3899260736796 	0.02489319919178293 	0.025528689955961963	110981.4486849892 	108682.7955934593 	2496.303710369895 	1860.107203449906 	943.929206776189  	-1.7089906132626602   	6.402318055044164    
7070.594836309456 	30                	14569.887         	14233.84097390685 	364.1190260931501 	0.024943144527944324	0.025581220610841778	111418.54529498919	109109.8108226765 	2507.2272811526896	1854.840703390053 	938.760387677366  	-1.7157052428757158   	6.427468918237135    
7100.594836309456 	30                	14569.887         	14233.112557378714	364.84744262128635	0.024993043043088647	0.0256337073953752  	111855.6419049892 	109536.80419939788	2518.172704431328 	1849.563932344874 	933.5739808331447 	-1.7224195295548477   	6.452618494298654    
7130.594836309456 	30                	14569.887         	14232.329089008928	365.630910991073  	0.02504671275925355 	0.025690166992655857	112292.73851498919	109963.77407206815	2529.14163176106  	1844.2745111767313	928.3711596739292 	-1.7291334466192323   	6.477766683308777    
7160.594836309456 	30                	14569.887         	14231.506360122989	366.45363987701126	0.025103071927653677	0.025749462537839485	112729.8351249892 	110390.71926287183	2540.1352409573706	1838.9604967892458	923.1543882516775 	-1.7358469755907557   	6.5029134157021815   
7190.594836309456 	30                	14569.887         	14230.614267767916	367.3457322320848 	0.025164182682517612	0.025813764980203015	113166.9317349892 	110817.63769090487	2551.155612924333 	1833.630118114594 	917.9438520904636 	-1.7425600836979      	6.52805856848463     
7220.594836309456 	30                	14569.887         	14229.626197435982	368.333802564019  	0.025231868190077174	0.025884994971293665	113604.0283449892 	111244.52647682794	2562.205627001254 	1828.2875809985267	912.7127239101852 	-1.7492727248065902   	6.553201968654692    
7250.594836309456 	30                	14569.887         	14228.58605507444 	369.3739449255608 	0.025303120773420448	0.025959989523613163	114041.1249549892 	111671.3840584802 	2573.286845349021 	1822.9336223733508	907.4560995246824 	-1.755984875151633    	6.578343527019616    
7280.594836309456 	30                	14569.887         	14227.469447451886	370.4905525481148 	0.025379611435304303	0.026040509446637328	114478.22156498919	112098.20814190374	2584.401561925464 	1817.5659201657197	902.1775473031936 	-1.7626964986888873   	6.603483108159121    
7310.594836309456 	30                	14569.887         	14226.274412570829	371.6855874291725 	0.02546147457789804 	0.026126698856640797	114915.3181749892 	112524.99637428088	2595.5521295483395	1812.1845832786946	896.8723206113115 	-1.7694075584202855   	6.628620573216371    
7340.594836309456 	30                	14569.887         	14225.03214618462 	372.9278538153816 	0.02554657320717289 	0.02621631009216431 	115352.41478498919	112951.7473386664 	2606.739965162801 	1806.7926254882595	891.5476288944778 	-1.7761180332632613   	6.653755843282146    
7370.594836309456 	30                	14569.887         	14223.673883934174	374.2861160658258 	0.02563961786892318 	0.026314306635544203	115789.5113949892 	113378.45755518443	2617.968548644776 	1801.389242808693 	886.2009381171714 	-1.7828278673734783   	6.678888708552577    
7400.594836309456 	30                	14569.887         	14222.229079886221	375.73092011377963	0.02573859087939545 	0.026418567582008425	116226.60800498919	113805.12442758103	2629.240476248189 	1795.974376303546 	880.8279774646109 	-1.7895370199180962   	6.704019015850409    
7430.594836309456 	30                	14569.887         	14220.653566458923	377.3064335410779 	0.025846517838182724	0.02653228501614014 	116663.7046149892 	114231.74403457479	2640.559669254422 	1790.550158503444 	875.4272059781326 	-1.7962454277365452   	6.729146528128751    
7460.594836309456 	30                	14569.887         	14219.070462380922	378.8895376190791 	0.02595496477720716 	0.026646575711225196	117100.80122498919	114658.31614844622	2651.926355382994 	1785.1083967534435	870.0175213569416 	-1.8029530902602267   	6.754271243181798    
7490.594836309456 	30                	14569.887         	14217.349831876232	380.6101681237691 	0.026072832650847727	0.026770823861308954	117537.89783498918	115084.83664340251	2663.3446604267074	1779.6458198079163	864.5980610027656 	-1.8096599410854552   	6.779392912006392    
7500.0            	9.405163690544214 	14569.887         	14216.794394588316	381.16560541168417	0.026110881617135828	0.02681093886796144 	117674.93000717692	115218.54792183841	2666.9295853388094	1777.929053062713 	862.8970777230372 	-1.8117624932013874   	6.787268383694906    